1000
276
282
375
610
263
452
88
827
538
313
793
796
157
875
502
842
226
866
672
653
730
780
818
106
889
206
928
102
142
151
567
565
763
511
471
75
693
372
557
564
242
839
218
768
327
475
428
423
181
556
620
665
450
772
9
706
21
187
647
211
651
223
715
433
424
98
748
261
569
913
212
118
396
136
121
25
198
897
185
667
688
234
776
992
917
511
442
399
202
285
858
863
298
364
946
250
876
389
472
918
374
795
186
197
736
98
32
904
550
223
565
193
171
75
484
267
387
703
206
439
191
815
712
461
701
21
643
509
555
584
883
128
557
385
397
437
759
440
170
343
994
579
324
351
593
442
149
250
707
952
410
16
711
863
647
244
875
607
855
331
607
346
603
741
561
876
84
252
835
151
513
350
640
956
355
127
166
253
738
558
602
802
996
215
642
629
852
656
630
896
751
559
320
666
19
17
995
549
185
322
658
64
730
396
382
29
641
479
32
476
112
85
174
991
254
257
431
312
648
248
493
161
795
627
973
547
702
56
207
442
237
487
563
263
390
101
672
656
571
668
269
101
622
185
588
1
746
615
263
203
34
354
873
341
507
409
185
704
359
254
325
747
236
227
873
942
769
573
594
637
7
341
759
686
707
753
881
190
875
261
215
389
489
853
222
433
72
738
848
792
556
160
689
98
410
250
967
810
3
997
32
82
341
4
799
47
163
583
426
378
248
510
755
96
415
752
197
909
143
379
571
208
945
828
966
840
895
602
102
779
217
206
462
627
152
797
254
134
177
889
520
162
23
467
256
946
2
617
151
762
996
938
519
124
412
887
860
714
620
383
238
570
950
475
194
939
879
430
762
291
312
880
385
237
153
455
794
814
168
430
869
385
237
26
544
259
594
389
459
994
575
844
234
94
168
115
117
476
653
554
591
627
252
52
447
219
390
573
115
903
603
915
625
643
90
581
583
108
524
697
794
355
8
600
655
880
86
790
232
222
59
815
608
247
261
875
389
81
725
994
16
691
849
564
674
482
902
737
807
47
697
707
920
440
748
449
152
943
130
314
958
884
377
289
563
457
251
487
769
314
58
673
471
808
54
645
252
768
70
551
374
269
260
669
822
610
611
885
368
133
916
67
94
355
702
260
512
574
729
777
344
53
806
671
865
476
758
77
527
761
702
313
998
25
780
916
987
547
736
100
457
967
885
193
881
495
223
466
716
930
701
598
40
837
804
326
763
510
537
371
870
57
70
177
955
572
427
656
451
583
980
176
981
328
206
83
304
345
907
736
327
198
53
632
785
495
458
18
702
426
11
176
860
473
252
782
870
13
365
720
492
584
64
103
645
80
807
700
723
805
850
834
309
768
206
448
888
27
518
507
238
719
46
788
595
183
537
600
803
389
629
915
229
202
94
257
454
273
670
80
447
671
148
343
996
65
968
851
615
290
214
828
649
728
457
68
222
519
845
226
193
375
638
35
454
231
4
88
343
131
377
946
986
373
939
371
106
821
972
12
786
563
60
388
914
665
706
65
786
1000
641
458
14
213
831
654
163
716
859
57
827
144
656
820
335
857
876
572
775
68
714
452
271
262
146
198
4
889
450
280
452
716
67
601
394
779
477
650
818
879
433
61
843
448
386
237
928
592
403
492
943
33
740
797
620
548
42
14
821
456
14
730
951
624
565
246
546
725
254
921
418
252
663
730
459
637
44
714
129
308
240
105
226
138
752
410
597
532
267
814
765
541
705
508
457
349
54
863
408
469
240
689
428
822
93
466
426
376
42
147
360
425
986
511
138
884
594
555
574
179
788
764
791
626
221
131
856
101
332
891
236
996
846
109
316
580
373
480
688
470
471
570
646
798
601
614
764
471
308
554
113
652
148
223
251
116
997
367
270
41
713
279
929
49
806
2
662
341
573
244
398
121
293
905
232
619
153
987
70
959
173
405
693
40
314
528
662
572
361
98
169
500
851
710
187
756
484
440
180
810
119
909
932
490
109
958
145
302
211
579
365
494
128
950
228
35
690
284
311
741
150
956
161
915
667
752
859
693
174
598
261
640
869
19
208
337
177
343
37
179
396
718
8
973
178
390
146
889
715
666
103
978
102
646
492
464
127
190
770
756
851
900
461
779
482
107
568
445
863
862
726
294
321
510
319
376
49
940
191
724
892
371
450
511
818
149
151
110
900
780
855
358
595
848
224
505
315
294
796
274
752
39
135
738
131
432
529
747
593
550
306
625
993
5
527
318
982
627
624
983
341
945
958
17
972
224
113
967
217
738
