500
57
417
458
432
249
273
91
461
131
208
295
28
223
205
182
76
14
70
157
3
36
223
491
283
276
308
65
151
321
162
232
94
348
173
376
174
21
302
257
13
91
8
299
221
447
222
64
497
237
37
406
355
30
404
80
122
3
493
365
81
165
216
173
358
301
350
464
326
288
158
295
349
347
13
10
211
494
187
302
280
484
290
418
342
484
410
255
233
297
71
36
298
152
59
13
477
105
171
179
87
240
217
417
186
200
138
235
15
437
112
458
31
46
324
448
399
22
275
143
57
35
216
153
64
467
185
452
380
308
383
374
277
220
111
93
259
144
349
129
72
219
455
362
161
144
322
158
166
435
35
499
35
118
22
296
143
45
395
258
452
97
244
359
250
43
273
349
346
246
255
452
399
213
403
370
168
437
13
66
418
436
54
424
271
172
18
231
294
410
108
185
470
237
451
435
108
198
275
378
243
17
76
331
263
276
415
30
0
362
152
217
48
147
198
94
125
44
72
481
420
471
71
31
350
163
400
160
319
408
364
428
101
340
179
338
14
298
395
130
358
497
122
284
142
98
25
461
234
144
152
384
160
377
449
215
411
169
479
410
203
450
367
471
292
264
418
308
39
119
94
354
50
450
448
383
67
50
123
212
103
183
419
500
23
86
136
41
373
345
228
406
175
6
491
124
153
410
442
500
206
148
62
374
492
29
309
472
410
349
3
131
324
467
333
163
115
209
327
274
14
38
52
494
106
137
83
284
197
381
78
176
160
231
83
41
134
62
51
480
227
88
12
380
342
240
299
112
359
428
366
188
183
258
335
431
254
85
494
85
488
424
202
364
27
359
116
367
491
233
53
466
269
425
456
455
484
480
310
125
129
219
115
173
277
352
97
229
287
478
198
227
16
468
219
226
445
207
253
386
417
271
43
281
73
296
294
410
365
173
131
421
50
260
323
88
448
228
309
189
489
145
488
13
16
172
215
203
443
16
185
231
71
375
419
353
174
51
150
230
481
462
445
209
377
133
6
294
292
348
342
38
366
177
408
219
214
431
206
439
165
97
277
433
324
399
172
196
138
492
423
160
470
7
136
399
417
27
416
74
329
165
400
175
366
38
8
433
311
420
9
158
471
480
212
299
384
156
62
312
203
