10000
6878
5116
7963
8706
2725
1488
2887
3892
9786
5627
5885
6259
4472
6507
2970
5886
435
9795
884
3395
4977
5888
1871
878
4734
4282
1523
9716
5266
840
8362
5818
4621
9877
2295
5730
8804
3910
7202
9754
3306
4415
8772
9914
5410
9302
795
210
8509
2692
7337
7097
8009
1338
4302
4961
1288
7580
2289
870
6705
2097
697
8880
7425
512
3205
619
8665
7448
7927
8695
1482
8866
9601
7387
726
9394
8980
7480
4741
6915
8840
8897
565
1563
5547
8610
94
2331
7091
3865
6926
7733
3204
5970
9867
2281
8299
8200
4362
4963
3986
9635
2506
6801
4773
4485
7425
8750
6058
8347
6066
1583
9497
6423
4136
9673
9514
7474
586
3214
9186
6636
2418
4558
813
6610
2791
8865
7693
9365
8862
9182
811
1211
5558
9791
1608
6189
9530
2965
751
1798
3131
8611
4316
2434
6567
9654
6501
193
7383
5721
7499
3759
8923
2605
3537
9592
5455
6411
2555
5513
503
4318
421
4165
4618
5439
370
6387
6543
3603
4770
4554
359
5627
1976
4172
523
5012
8830
9812
8866
5165
7031
7084
1616
2940
5627
6381
8201
2797
4564
635
1282
5187
986
2606
7651
1627
7127
1508
3793
2629
2153
9241
3991
4002
4926
9484
9270
9490
7549
4424
7882
5778
6458
163
9144
1249
816
4170
6420
5664
1943
2066
4356
2636
4355
3412
9559
7459
207
3750
9168
9323
2639
3346
9839
1109
3235
5587
1544
275
3484
6434
3101
2612
4715
9748
2231
6108
8680
5429
7678
8368
7979
3591
8747
8434
9652
3476
7163
1166
5872
4198
2217
5245
5074
4018
439
1490
5575
7723
3544
1756
9167
6969
3221
2826
7599
9903
6949
5103
8540
4804
5696
1917
4732
1809
8206
2471
7950
6867
7187
5489
9868
3979
7743
3778
9273
7618
6943
2535
8277
780
7485
7463
7201
9808
4704
787
7444
7252
9023
9061
9110
4556
4067
5643
7816
875
452
7623
4374
1244
818
9006
2934
6372
5678
3187
5071
5770
2525
2546
6386
3313
7937
7310
5859
6022
4099
2760
4436
5219
1352
8441
2979
1581
278
7980
1991
2198
3347
8393
156
7832
4142
9525
5232
2336
1024
6723
6047
9216
8717
3253
2814
4269
4250
1786
2364
2198
1450
7475
7374
2920
8606
2212
9826
4742
8263
9591
8262
2889
5557
7951
3035
395
7412
481
6911
1689
5047
2443
4052
454
534
9091
5683
8540
6901
7847
1762
3711
2403
46
8041
9771
2096
8666
1597
5885
6419
9299
2176
8248
2765
2602
7923
5315
8267
8775
642
8499
221
1329
8499
9783
4535
7959
3850
5767
1885
1648
8536
1465
879
6556
7858
3353
5453
6780
6098
1949
9128
4162
9562
5754
3203
5801
1406
1493
4297
1921
7261
4443
6661
669
7545
9196
8637
5807
7716
2593
8172
9202
9798
1127
152
1845
3996
8200
9100
2367
5166
450
8064
4835
1316
4539
8945
499
5756
7232
2348
6865
2155
8353
7562
2245
8061
9087
621
5750
8866
5834
1443
7418
4637
7455
4603
6016
2967
287
9130
7291
3051
8928
262
9618
2222
9062
1205
5185
5846
6825
9152
4420
2799
786
8925
4581
3763
6752
5225
940
1546
5936
7776
5686
9881
7751
2423
3283
7241
2946
2655
3384
2842
6778
2874
1692
4618
6518
1828
4737
5438
6749
5078
5609
380
8380
2146
5206
7225
239
7979
8999
7847
380
5785
9199
3480
7508
4875
1406
1527
7615
4406
8025
6100
7307
5937
9522
2327
6010
5856
3058
8194
9468
5258
5008
8476
1549
5709
1664
1502
4173
7635
1245
9434
6755
1818
2912
8244
9031
6942
5528
8888
9724
363
9394
9876
6984
2614
9789
3564
7442
6670
1341
6023
7491
9132
8275
3928
6759
8116
2354
3803
1063
6429
7483
9549
8708
6913
6943
3813
1498
4566
9359
1631
2982
3439
3385
5523
3174
734
9133
8327
4771
3892
2849
8702
9879
2551
9189
2130
2767
2078
3695
1994
2956
7379
2205
8153
6432
4772
9528
6044
6522
477
8825
5563
6742
3778
1698
2315
6529
3198
8114
6684
615
9072
2407
2333
3171
9903
7416
2629
8867
6817
8449
2175
7475
1850
1816
6348
8103
3516
28
5748
6916
5584
4799
8583
8067
8272
1330
4543
130
3578
8582
116
8706
5104
9518
1726
5378
4396
3694
3678
1058
7494
8216
52
9466
4923
2203
2528
4913
8534
1619
55
2436
1810
4058
8500
4968
3275
3282
1860
4358
5452
7227
6134
27
7634
2945
4601
62
4577
9540
6633
9244
4476
2570
6500
8475
8599
3664
1061
8818
5374
5381
5911
6070
74
2192
4355
7615
5392
4790
1299
7819
6620
2814
6830
1533
3256
1373
5343
5313
7856
1352
4548
1752
5824
3768
8061
8802
9905
366
8029
3274
7178
730
7022
6423
2587
1039
275
9218
28
3353
7842
9538
3700
2759
5507
4891
4206
3622
2543
7285
8168
2309
6395
447
4967
5265
3756
2265
1709
4373
3227
7281
9681
3299
7014
8035
393
5193
3034
3160
4511
8071
9641
5442
2758
1630
9167
6100
9352
3662
4474
9166
4241
6223
2226
5257
3160
3339
574
7669
4738
7931
7535
5518
7112
6999
4409
8243
9592
6472
8226
203
7298
2767
4582
1098
5800
115
196
2965
5571
9282
4268
3364
5625
2115
7291
1073
1578
5269
2187
398
2034
2187
790
5817
125
9251
3528
6169
1050
7324
5652
1047
5640
2192
2053
152
8422
130
9183
4007
3475
2757
1431
9478
9673
1296
1865
3272
1002
1774
3334
7821
3568
9785
3575
6000
8111
4952
476
1378
5276
3094
4771
2003
8248
6112
9967
414
9681
2189
4925
6144
1743
1775
5038
785
2242
7415
8469
3397
2671
6179
7617
827
9209
1109
8275
4313
5810
4468
6254
8015
4394
2324
3512
2258
3332
7593
9693
261
8052
5143
4019
6693
6924
6204
1941
6707
1200
6023
3249
8735
857
6997
1957
5809
4347
9364
3164
3673
2111
809
2066
9279
6350
5974
6891
7363
2447
1432
1801
5459
1095
657
4371
9110
9253
9367
2290
5000
8742
7227
3817
4382
4257
7811
7172
4559
6030
1533
3318
1826
2090
7875
1340
3727
2722
9915
6497
6610
8809
382
5385
1730
2604
1724
2023
1915
5655
7749
5003
5942
6927
4630
7493
2931
1912
1414
7184
4
4748
4116
2430
140
1614
1783
3032
23
7750
1418
6513
8779
7780
591
4532
5130
5619
1044
4845
1526
1520
5072
5210
4413
6223
5781
6971
8269
9908
5312
8844
8376
8550
3922
135
9044
3733
5062
2175
1782
5746
4208
3644
6864
2863
4781
3070
5121
3639
1392
7572
5516
1483
3245
79
5778
3619
3475
8850
7990
7008
3878
265
9379
616
202
1609
8066
2332
2605
4406
4784
541
2750
6680
4671
562
287
254
7253
822
3028
4145
7320
3221
6426
9930
4864
6045
9160
340
3171
519
9994
8388
7424
9388
2706
5041
8394
5767
4052
7339
1343
8468
5024
7066
8232
8599
6423
4207
2701
3087
390
9184
9130
1163
2968
4993
4984
1782
5968
9764
1492
8062
80
8297
4625
2251
5920
5657
6183
6705
766
3534
1764
9673
2457
9412
3318
7595
7195
7598
4118
3346
8068
5613
3016
3612
8895
6320
2979
7858
6578
3580
9573
1505
9737
324
6786
1628
6807
5761
6457
9090
530
6
9039
2967
6794
2746
6490
8189
3666
9339
1769
2833
5112
8092
1770
2159
6254
4053
4092
4986
7290
7177
9844
4804
3932
377
5220
5625
8524
3753
3989
7342
1711
4456
5223
6189
548
6303
8836
4066
148
2916
677
1352
4859
2320
2461
1496
8244
6286
6986
6536
9867
5231
6607
2763
8486
5645
7037
1741
8813
6193
2305
1627
7045
1963
522
8578
3698
4982
6178
145
4247
4096
1533
7822
4803
8900
6278
4927
4811
5911
3136
2222
2062
6633
7495
6143
8412
4780
5552
3344
512
9228
4116
3586
4745
5128
7689
9791
5126
7148
8458
5776
3470
5385
7576
7283
1815
3355
6411
4973
2721
1707
5371
2240
9748
5650
2032
7127
9532
1409
6989
2392
7314
1920
2702
3803
3122
4799
8049
6089
8412
7944
889
2458
4778
1235
8949
3638
4844
395
6940
6442
525
9336
1695
2268
5299
2100
5300
4510
5695
5575
6966
6109
7307
2636
5719
2201
2193
9769
4090
5422
2689
6106
6087
5131
1717
8156
2136
7529
6995
41
8504
2784
301
8469
2384
2081
7265
6111
5824
1812
1112
8299
4456
9364
67
5562
6103
4929
161
409
2297
1908
9173
4705
2169
9823
6497
3683
3975
6188
9569
3625
7025
7751
2413
5659
4384
1239
4379
5887
1979
7148
6560
2472
7431
308
2502
9455
3696
214
791
8274
3787
3087
382
6824
4110
4431
1096
3997
1925
2937
5041
4104
2643
6613
535
7141
9770
9309
4276
8551
1431
4263
9096
1363
6691
5306
8088
9665
2748
7711
9933
6003
1428
2022
9619
1759
3543
4913
8120
2419
3413
9189
2479
1780
3344
787
5968
4994
9619
7848
7541
1973
2825
8279
3600
8916
8015
8629
7143
284
5830
9648
9527
6081
50
6565
7766
897
788
1901
9669
5472
381
9345
4838
6425
6905
8756
4588
9615
9541
8473
4566
793
5873
3586
6410
2138
7438
722
3351
807
9772
5269
6456
4724
7510
8347
2420
3320
5873
1456
9952
9196
8474
7221
5345
6611
7612
1761
963
5196
3375
4504
7861
8821
5172
5636
459
6326
12
9075
4617
6901
6117
3566
549
8842
5304
3314
1612
7665
4284
9886
3104
8470
2049
8787
5395
5177
4148
2587
9852
7521
8227
6349
1826
3930
4924
8833
8863
4116
9296
2113
6730
5085
8235
6413
9815
8295
5122
5748
9745
1563
1781
1519
6897
2215
7756
6382
6852
5290
2439
5716
5011
6328
5980
178
343
8039
8868
6284
6028
1174
2031
8234
7529
8283
1340
7081
6931
7852
2750
8171
793
7413
8789
1815
3570
5496
3944
7478
8066
6169
9894
6176
8137
6239
4442
8749
6395
6686
4111
4305
154
6744
7157
9784
1398
3859
9566
8874
1315
9774
9269
6948
9090
7452
10000
66
8906
4194
3809
4427
5280
1299
2286
9382
1075
7264
3840
2524
1280
9858
2892
9157
8563
9343
706
5960
433
9135
5040
7403
1013
6073
1916
1547
7895
87
1534
4863
132
2761
6334
8347
2559
3930
1541
8358
6101
2900
9049
4389
6503
3573
3305
397
1541
215
3560
6853
866
9436
3363
5834
9534
9005
713
1074
2049
3101
3805
4144
5707
8189
2975
1566
9004
6138
9526
5315
3111
941
9903
7103
8656
7758
1415
258
6041
659
4750
9096
3024
8543
8078
2693
1391
2249
2915
3451
1202
8501
8390
6353
7646
5361
5589
7393
1978
5659
1697
1984
1371
7
4012
2337
6398
2409
4575
993
2221
236
4748
3665
8553
8211
9570
8573
6762
2236
294
732
5601
9885
6978
3682
5668
2489
3897
8867
4102
3875
7264
6009
3401
6028
385
1020
9537
3718
3652
6640
6533
6771
2446
8598
1871
6212
2896
2341
8151
7250
8844
4130
8159
9159
2971
773
40
2054
4932
5274
9602
6186
7397
1206
9183
4634
487
2372
9690
7971
8355
8874
381
7033
6608
6193
1292
105
4358
3397
2889
6075
4605
8767
5471
2544
5902
6051
2319
3080
7447
6867
5500
8525
1608
5644
2192
740
7682
5067
8241
902
5940
283
6082
9576
1288
6336
6652
7154
6638
2356
4692
6999
3062
1431
1502
8099
4472
9468
6607
7952
5367
1884
1921
4309
9155
3630
1515
8950
4145
5234
6153
6253
2828
1892
8592
2285
4373
8791
6955
6267
8914
6242
8959
8084
4533
4402
6035
7299
221
7360
7152
7834
31
8368
7850
4950
7853
481
5760
9994
8818
3019
8496
4658
6001
1339
107
4353
7949
1177
1296
3976
668
6527
2112
3733
8375
4931
3494
7797
170
9463
7878
1991
4699
8356
4786
2095
6245
7940
5290
3975
4513
8995
4511
9701
8217
4694
656
6470
5360
6770
7453
7908
6511
7779
4714
8779
5415
4286
1467
8448
6986
959
8377
4554
9372
1222
5689
4114
5784
3191
1178
6387
9747
3362
9120
136
6910
7837
5733
4306
878
8694
8374
7223
3685
4739
5618
1355
156
5193
9731
9868
1923
1933
4562
2788
1346
754
458
8889
8344
3235
7694
1942
8516
1022
151
8367
453
3489
4579
1356
7350
3584
249
430
70
2918
1945
9901
3221
9339
3766
4927
8520
2645
4953
6075
6996
6149
7459
8350
1697
6527
3388
4562
6360
2211
6681
8943
3027
5755
4909
4633
9644
6065
4041
1579
858
420
5301
7745
2756
291
6425
4942
5720
2853
6161
1897
5374
6409
9297
2379
9267
4981
1467
8727
4817
9086
8082
4100
2826
786
980
8383
1953
772
4087
2722
4171
6277
6187
9266
8064
6995
327
1984
9695
4915
269
7127
1623
2709
3248
5997
7737
1997
2004
5044
5520
7880
97
390
7367
9766
1571
1163
6742
9706
3789
8241
1737
7108
543
3556
5938
5083
9814
2102
1540
9728
6860
7002
5781
7989
9687
349
7753
5192
6830
3997
8147
8094
2097
4515
8489
7696
6549
5273
6351
217
1578
9870
571
4897
467
8351
3069
654
2955
7222
4743
4231
5994
4990
6796
8300
2642
7347
6588
1132
4457
8786
6999
3349
2131
2359
6490
4117
9828
3451
5937
6485
3568
6321
9116
2620
8362
7954
8978
2478
2214
8675
2060
3848
8041
4949
682
4892
3688
9944
1393
3364
7217
6359
5558
3801
2016
109
3078
8868
1686
1786
8014
9448
8771
8959
6262
4529
8561
1289
2542
432
6711
5191
4844
8921
853
134
1711
5110
8183
1593
5649
1565
2890
2612
1289
606
3324
4072
8253
3909
8780
9202
1673
9727
4544
4353
2016
2998
1221
6686
6217
9941
55
4406
8440
7115
8476
5413
7191
1460
3702
9018
5176
8591
3319
5081
2004
5967
8535
5648
751
8546
160
8137
5742
8752
2888
3876
5726
687
7048
9699
8181
5204
5811
8710
6455
9969
496
362
4258
1993
7356
2356
7088
987
4555
8385
3537
1009
970
2097
1349
6306
9896
1370
6824
8026
4330
5302
2346
1404
8111
9175
7354
5342
5604
8981
6386
5312
4982
520
4760
863
6179
8005
2370
3196
2091
3514
210
1626
6347
1676
4313
7278
5615
9926
4426
7910
5260
700
3643
1687
5936
7198
1317
4241
3618
9498
6538
8086
6418
9692
5777
8974
3868
5348
2356
7220
1840
9807
859
4265
7115
6876
8396
1914
5866
3187
1179
8222
2693
7756
1794
6861
3636
8468
4004
6299
9904
8487
2118
8005
7970
9199
8425
9572
9769
5501
4996
6123
2892
669
2635
9718
7019
8325
5253
3437
169
8636
6922
3472
4842
6171
9645
2912
4432
8466
1875
9336
9382
1039
2456
6301
8899
1709
1098
6790
1376
2552
4480
3613
3109
3727
184
2411
4306
4027
4262
1467
1242
7619
6750
3761
1111
5893
6924
8850
3795
5859
7145
2748
312
5568
3122
9650
7853
1397
117
8872
8301
3152
5885
6140
8277
1922
7320
369
4467
1413
2987
3732
4739
9368
485
3057
2355
4927
2408
8529
1022
1675
5076
7226
7705
5692
5163
806
5409
4432
3160
2754
7811
5679
2195
6154
8547
6995
4283
9542
5822
9375
5922
8452
8127
6401
419
7306
3550
5978
3882
4498
6735
8358
3016
9720
9439
5949
9416
6130
439
6350
4437
1095
177
8820
1037
7794
5937
6549
4591
2655
2510
574
3704
7722
5456
3946
6346
4639
1927
5780
9685
7112
4929
9439
2321
2950
2635
482
7004
3811
3915
7819
2290
9854
2914
6263
5511
6413
4725
5650
6779
5178
2572
6391
4198
4271
7758
6988
9121
8114
7677
4122
5266
8063
7898
9201
8040
2920
3499
6381
9284
5012
9255
9777
8276
347
5056
3879
9455
7758
5483
8614
2429
2752
5486
8006
3259
6254
2171
6351
9789
7762
2720
9343
9934
9050
7022
3629
9995
6596
9896
1054
7778
542
9481
1287
9544
9812
9153
5013
5601
2992
8794
9148
6436
9093
1789
7652
8456
1928
8714
2898
9239
4113
5310
6541
4005
142
790
4378
1088
2665
2883
3858
8737
2916
2470
1334
1107
9328
732
7586
5745
576
6781
1866
787
1297
4102
1587
348
2922
4880
9412
7592
9431
1844
7608
2526
6186
5262
7849
3574
4470
8524
2389
1522
6832
6442
5986
3829
9441
6748
9979
6808
7668
2767
1995
9966
1407
6112
5737
5075
7693
1326
9742
7092
4650
8257
4290
6766
5052
3384
8053
6597
578
463
6602
1662
3880
2145
816
2888
123
7386
5609
7236
6674
9095
2771
571
3605
6987
5656
1759
4309
3713
6590
5201
6949
138
3498
6755
1614
4660
9833
4830
2629
2469
6020
6803
4103
8771
6901
6954
2862
1697
3027
1562
9718
6378
329
5833
2140
4908
373
7141
7572
8395
5517
9244
5625
3970
365
8827
5190
1279
66
9686
5257
5093
4209
2775
6442
5465
2441
6109
576
4521
6440
137
4419
2555
609
2376
1700
982
1279
2202
4452
6001
3246
7994
913
2761
4061
1777
575
1666
5069
3695
2503
2218
9421
4896
7672
5320
9847
5317
1736
3630
3079
6262
6689
7380
6171
354
9348
290
1910
6110
1389
3366
7715
8822
1685
9736
8206
361
4919
4345
5038
5819
2245
2170
365
25
8115
3185
9567
9005
2589
7607
2208
9430
6524
144
2567
1243
8061
6839
1787
3447
2090
8615
6442
6039
4892
621
8670
2220
6034
6380
1587
8397
8051
8203
4539
9489
8713
5286
5962
9906
6805
4818
9693
9137
9510
3645
2335
2742
4657
9716
1140
7307
4770
8093
4106
4023
5014
2883
9766
4105
8952
4950
4100
8556
73
8611
5275
6286
1914
8823
6953
1194
5592
5925
9656
7974
5833
7757
5997
6856
605
2548
7426
4219
9300
3813
6264
225
9127
3067
6873
6563
2305
1274
5119
4733
2402
9579
2974
2857
5744
1012
9865
4381
117
3676
9776
6369
4197
2184
7080
6389
6758
2869
8087
3492
5378
7922
2155
5067
301
9454
8528
9198
1194
2672
1407
9863
2122
585
8999
8598
560
4615
6708
5031
2509
1217
5655
3555
2228
2410
2530
5369
2828
4905
953
5174
3519
6943
2902
3556
8288
1050
8379
4101
4247
990
7695
4936
6843
2719
7940
1420
7225
7670
5172
7897
3302
3620
2360
28
3835
9176
8969
4527
3444
2594
6472
7134
6978
6682
8297
3992
5782
386
6858
4091
8203
4598
7375
2986
21
6457
5241
5442
8545
6132
3757
3804
7653
6434
5841
6595
1615
3241
2537
4965
1876
9156
8334
7221
5663
9118
5880
5001
7276
2414
5280
9253
3730
9350
1997
8055
8410
3735
6823
9212
8552
766
72
3972
4398
1000
1711
9686
6672
8824
275
7995
6028
869
3017
8227
7072
6900
8986
1884
8562
5739
9337
5293
8731
7803
1423
3269
9663
5082
1061
2500
7274
5886
6827
3341
6096
3517
9630
4628
3346
5163
7203
3970
6957
8475
9153
2003
2927
7846
8639
6380
4510
6044
550
4454
1198
6580
7567
8998
762
582
8782
3866
3232
8422
6665
6955
1771
3199
6056
4470
5413
3901
242
6700
1492
5112
856
5540
4418
3976
4979
2444
2296
9304
2738
5025
6641
3356
35
7628
5467
396
1349
1995
4100
7
613
7561
9518
5861
717
6282
2486
4862
9048
6077
1219
5155
7348
3014
253
7400
3551
4065
77
2342
9579
4909
1603
1145
3581
3804
4223
7655
3628
5858
324
3798
1535
1909
9719
7930
9093
3144
3163
7667
2763
6148
4209
5474
6576
8877
1745
7307
9973
9601
629
9140
3888
5226
3858
3201
3559
1032
4434
929
8428
2539
8704
7403
3434
7447
2978
7715
8132
4591
6874
3186
4647
8173
5899
8058
2344
4745
5456
295
2360
9442
2464
9558
3733
6367
9681
2292
496
2629
7518
8819
2829
1401
4447
3017
1475
7661
712
3502
4610
259
5477
9964
6355
3220
6029
7339
693
7625
9169
1217
7022
4242
428
2850
8958
5828
2556
2020
7523
4633
9247
7009
7790
9326
1840
9650
8200
6620
3037
3008
8186
8205
6119
3909
315
1504
2123
3996
3057
4410
9128
4006
8500
9993
9392
3238
5240
9632
9345
3203
9880
5700
8902
1266
1536
6468
9414
9354
9438
3086
227
7226
3732
1341
9217
516
8410
2123
410
7610
3144
6575
2503
6698
2171
5041
2984
193
3679
4377
7793
6880
1786
7583
9527
7204
7352
3256
5475
8676
5306
3691
2062
1003
776
2512
5458
9306
9704
16
7800
5573
2219
4157
1479
397
8022
6795
6527
4984
4271
9680
8710
2257
7735
4015
7326
996
2022
8383
9377
9866
1752
5889
1063
5143
6378
5288
7785
767
710
346
6135
4113
2581
6194
7277
2005
528
2115
732
1105
8634
2289
6260
8968
1931
7688
2243
6686
5968
5407
1938
6073
3400
7439
8385
1224
3516
2541
2328
1769
831
9844
6478
6880
5004
2393
63
1170
60
585
7582
9504
4295
587
5383
4898
8432
2864
7607
1534
2231
4605
1200
2680
2678
9648
4414
2874
3110
3010
6770
1783
8505
809
2915
3390
4068
5683
9841
9655
6647
1786
5330
3766
7902
4646
1834
9354
9979
3385
8003
8831
551
670
440
3988
6138
5797
2
2641
888
4833
9099
1573
4553
7585
6941
121
4803
7874
1095
3124
7705
8914
2824
2878
4635
2107
5343
9694
7682
694
8178
7092
4146
9146
5167
8050
4228
2989
6618
5052
3893
5935
9963
9830
7517
8125
1674
2330
1051
5000
6245
4238
4513
2129
3565
4139
5357
9621
6863
448
4723
8902
3493
7719
4483
9620
4492
6709
6123
2386
2748
1772
1887
4595
5668
3013
4799
2900
7709
7176
8156
8870
9038
5064
9831
6806
700
7742
5863
3511
8855
2145
3873
250
5873
8975
7868
4587
6836
8724
8246
2914
4628
9841
1341
4492
417
463
391
3329
1333
4172
9792
8910
2510
7940
9666
3082
1404
4877
8408
3893
530
3615
5188
2099
147
3285
1786
3219
2136
278
8637
746
909
3290
7233
3852
5747
4263
1109
8194
866
4917
4402
1588
8189
6731
9759
175
603
2317
6502
6423
1857
505
4393
5273
2880
6259
5759
1938
4827
1333
2163
6247
6002
6407
537
814
5774
5190
9862
9207
2782
9680
1909
9073
8954
8216
1615
7408
5051
4782
4510
7571
8720
8003
4318
904
498
2248
6910
6065
45
9816
1096
5069
6874
5061
9420
2052
2462
4299
66
7442
2142
1606
3156
3832
5535
9859
2609
7962
7449
6187
6890
3054
5523
184
1324
3538
3336
894
2197
336
690
2942
4374
5273
2501
8023
8325
1638
4116
213
8399
9403
8161
3862
7705
3817
8200
9089
8267
7955
2156
2980
5685
6044
5794
1670
2272
7567
2390
1719
7962
150
1376
1965
3192
3024
2959
1554
6498
7493
1839
8652
5243
4288
7571
1352
9912
1758
9731
6647
2046
2480
7131
1587
6519
1619
1047
5758
510
5690
7118
3129
8047
5377
5859
5450
7479
5731
5751
8897
7639
208
1889
4324
4857
3714
3475
3247
8257
4920
9709
2344
6987
8122
8073
1187
8073
3565
9527
3553
5751
7917
5571
7489
9044
9857
1862
4998
9005
566
5896
8636
7630
5622
1340
208
29
6325
944
7072
4687
2399
5369
1075
7280
8165
9521
5219
4656
2784
9344
9788
4278
741
4661
3137
202
1486
866
8600
2788
4888
794
8402
7740
1556
5991
119
895
4387
6006
7898
5468
6035
9276
6769
7311
7319
1538
9806
9803
3699
980
991
5836
3414
5225
6451
4489
5971
4532
700
1829
4199
4124
9841
5568
2270
899
7405
4154
3350
6783
5802
244
2919
6996
7758
7838
3150
533
4066
9606
8333
7400
6179
5610
1710
4654
9108
2142
1477
4812
2534
4659
5687
7087
7573
5925
6241
5803
166
9450
7456
3849
1619
2629
9665
2566
1812
1059
3509
2172
1134
9623
1183
3350
2952
3390
4195
6180
4422
6738
2162
5185
541
1180
9565
7963
4939
83
6097
9560
2208
8368
1754
94
7465
2218
2706
3419
3175
4588
6999
9113
3654
9978
9372
640
8279
4143
8639
3639
4986
4877
5849
3766
827
5513
5956
9448
7861
3434
3644
5320
2299
6706
3961
3328
5096
4519
8912
4951
6813
4230
7207
5398
7701
8844
9066
5048
6470
1694
4532
9667
610
6460
1165
1614
7705
2637
445
919
9972
3172
2433
5801
6301
4693
8660
2754
9980
1612
253
7577
1917
1146
6523
4159
9875
1381
6466
8514
6272
2286
4315
6881
7362
4264
8138
3497
4405
5806
2159
1001
3186
453
7100
1360
3828
6412
427
2474
4764
4469
7107
8153
7970
8399
9079
6492
4169
5500
5209
2778
9877
5898
3924
8295
2028
9416
4788
4761
2444
509
8298
5152
6109
3447
7412
8982
2460
9151
6533
1879
3534
8757
4743
7718
3814
9153
1246
8249
994
8440
7009
585
1986
2149
7962
5648
1180
2538
7683
9958
3654
5530
5938
1635
6539
7581
6616
8275
1524
1366
1
4397
372
7096
9858
3704
9965
8022
6600
1302
3717
7773
6883
4951
9719
1114
3262
9499
3366
4998
1854
5361
604
1078
6876
3010
4340
6117
4028
7820
869
1801
1832
4518
4862
3269
2184
4910
4874
9833
8043
2209
2391
4872
7979
9284
7882
5385
1932
4122
6961
1935
5079
3973
6344
4465
534
4907
2567
4251
7095
2845
7657
4356
6404
2227
4798
4501
8731
6899
7490
8093
8800
1567
2306
6089
9888
3335
9087
6117
3201
8539
194
4270
9293
6684
6103
2360
3433
2743
8924
3469
6328
9264
8542
7759
2270
6567
1102
3899
1309
5966
6847
5849
4938
3057
5438
2043
7131
8648
7560
3748
8750
4558
3287
825
2662
7338
7049
4414
5673
5102
235
2747
890
2364
9877
1799
778
407
77
941
7753
5182
9892
2305
1506
8294
5676
8772
2239
5719
9336
536
5665
9500
8138
7940
9220
2537
2905
6481
445
5538
2580
7871
4717
6879
2406
9784
2481
5103
7977
5554
5208
3948
3704
6374
1551
2413
837
8936
1265
125
7141
8253
7554
2834
2378
7502
3125
7725
1170
9413
3937
662
8271
2325
8152
8264
6225
6347
9511
4298
9939
5217
7167
1622
1612
6460
8033
241
8890
4882
8213
5999
2753
9485
2683
8811
7763
9137
2181
1689
7141
3191
467
4213
697
9885
3538
1115
9883
8927
9984
7743
952
1167
7935
6643
2298
9727
6955
1277
5174
5468
5503
9789
8936
994
25
2967
9416
9015
5941
5583
1512
5250
8155
7669
2578
9915
2481
8720
4504
9012
9672
1276
2627
7890
6501
3458
1059
939
386
2963
953
5590
9483
481
1867
688
1871
9331
700
6801
6495
8441
5631
5194
1742
336
9540
1784
8736
9542
9190
6606
7712
205
632
8671
5978
4780
81
6686
8406
1582
2842
237
3968
7441
7760
9922
2124
5245
8647
248
4392
2730
8525
331
3045
901
4878
1142
825
7424
8664
1318
8512
3110
7384
7645
2113
6676
4751
1133
7673
3240
8711
2522
815
6428
2473
7387
4981
884
497
2768
4574
7398
4415
4112
8207
1038
1483
2722
8063
1833
7328
7901
9463
162
3986
1138
4951
3133
58
5466
1019
1598
6249
8597
329
1057
3714
2625
3518
4053
4668
9940
993
8793
4674
8186
2007
4776
4541
6868
468
4377
7817
2377
2843
2067
1559
6758
3708
4490
7922
8041
3974
1926
9806
3819
9585
1509
680
1124
8413
3968
9559
2674
4047
5692
9792
5458
4485
3540
2828
7025
5602
9203
3014
6665
2569
6805
4388
5778
762
598
6218
9546
2942
6480
8583
6138
1799
5570
2100
7961
1603
3347
8802
3816
1850
7244
9485
9988
8677
558
8060
9979
7252
3473
7365
9080
8808
6479
7698
7517
4375
6632
7295
8604
4383
4616
6272
8619
1371
6021
1697
245
5263
4005
6630
1246
1035
9405
7094
1633
2349
3320
8342
2655
4412
3095
9377
1144
6760
16
5326
6255
6858
3198
875
4766
5356
6171
9459
6622
1439
5054
1820
4151
6001
2335
359
3116
3595
9219
434
2811
5991
8902
8142
4527
3632
8087
5304
8231
9956
5590
1705
426
1276
9916
8602
347
5374
9114
9944
7139
8964
5924
169
8226
3579
2596
6123
9281
9528
3518
8991
7801
2804
1334
4170
5205
8981
1137
5098
2580
117
4166
1053
5252
2563
4380
3496
8253
9774
8638
8652
4575
6611
4564
6305
8003
5577
2122
5882
8861
7579
3972
9404
345
7257
2303
2407
4629
7327
3779
5428
6117
9473
1002
5119
4669
79
1498
7447
7256
2031
3801
3334
4276
4496
9365
8122
4433
1597
6037
5459
848
5627
9821
4872
5968
9889
5047
3570
1250
9401
4806
238
6516
5472
8513
6518
860
3624
1822
7716
6409
9123
4567
4301
4829
7148
9628
2734
8761
8577
1355
7557
8528
1595
1136
438
1922
7951
4128
9502
5342
1887
6930
8958
6915
6605
9150
2856
4097
3365
4281
5552
700
1453
8329
7083
1001
6705
4415
1362
5745
5530
8756
6627
3997
2513
6864
6334
7993
3391
9375
7565
3410
1358
512
2633
4912
9576
3497
2381
6310
3004
6583
9458
5504
3174
8549
1205
8091
7142
2085
9636
9302
162
8414
3726
3300
852
1057
3994
2961
5641
3698
9987
4239
5398
2129
5593
4717
7671
4019
2333
4522
4562
9027
3906
4998
2108
1300
3692
3840
3979
5486
417
4238
1554
173
433
7976
2485
6738
8107
7147
5656
5919
76
3679
6038
8814
7181
1362
3742
4923
9165
1237
7797
6980
365
3383
1320
8920
1485
4037
5337
3071
4253
7787
9487
7465
7328
2986
9357
5145
7990
6216
8036
2814
1181
3697
1034
5637
2881
990
4829
5472
9149
6399
5932
7527
289
7964
4279
2187
1873
8892
9457
2956
3669
7178
1869
6514
7053
4929
9837
5021
4379
1939
1981
6698
3526
7639
6557
3087
3693
253
6420
8244
6232
8427
2668
9569
2729
1178
9152
806
4662
2796
2966
3551
3181
6403
3965
7083
6376
6877
8653
6921
2664
6446
6803
7857
9630
4368
2055
5189
6737
142
9963
5512
1349
6198
3361
2760
689
7469
4661
3387
5735
6858
3897
5111
2783
1140
5815
1034
978
6479
2024
6309
973
5516
256
6375
2395
1266
2828
6522
745
5083
2422
1703
4184
5705
3177
6591
6381
9993
4411
1609
2767
3568
5865
7149
4863
8991
3069
7886
9982
3987
6977
1238
4195
2609
5865
6085
6246
9884
5616
1880
8151
2958
1005
7457
6507
2444
6613
6352
4590
6971
1817
8688
544
2912
9641
4685
1292
7784
6344
2543
4663
8069
623
2628
8663
2486
8470
5164
1854
8367
3236
5163
3339
5487
9522
19
1029
6501
635
6001
3898
3810
3538
4355
1489
6757
9618
9675
1228
6933
6277
7840
7845
6772
336
3445
9757
8895
8264
2514
1933
8851
6676
6293
665
3662
9152
6300
3870
7635
728
3394
320
5165
8719
7735
9650
6895
5464
2301
3269
3394
7113
7526
8069
7949
8048
9987
8897
3897
5739
9307
8964
8152
6828
4247
8617
2206
1520
825
3737
2412
8243
5990
150
9324
5761
3981
3713
5830
3837
1993
7096
768
8345
9571
8431
9595
8552
8554
6075
2081
1005
3728
2193
1252
9728
2420
414
2093
8476
597
200
5938
9433
5126
3082
1557
7869
5551
848
2477
6508
2979
3693
9886
2446
4567
1499
1658
7396
8886
6214
1816
1922
7739
6136
1071
3835
6074
7806
2321
5396
6473
5676
5155
565
3522
5782
2625
9479
2420
7297
7346
6072
1288
277
4379
6898
6983
7643
400
4915
1035
8412
5359
1324
772
8146
3401
5321
1449
4757
2903
3808
8039
6093
9673
3665
9420
6023
9019
6689
2336
4371
3064
8852
1716
9495
7400
640
5062
4485
8929
1550
1972
3603
1732
8643
8165
5531
8473
2377
5002
9195
8677
304
4987
3884
6798
5751
7044
8289
5600
1103
5628
6944
4591
8032
3000
5
1936
5629
4455
9042
6832
9434
9112
7685
4236
1868
2394
2983
4511
5066
4504
464
5965
7053
5914
682
1486
423
3787
8195
8879
916
889
83
4020
8102
2743
306
1294
3588
1871
2744
7291
3739
7508
952
930
135
7629
430
7072
9080
3995
8738
7971
7004
374
2803
3288
1944
3449
992
8027
7100
589
4923
5160
4918
9832
5855
6376
782
2978
3287
496
3102
2348
6805
3816
4804
9888
1658
3209
7237
6721
8062
3036
6213
7305
502
855
1781
3423
7479
2033
5654
3069
3097
399
8536
2209
4425
6404
2348
1435
5966
6538
7377
2838
8260
7101
2736
445
699
1284
4694
3554
3223
7301
4859
6631
2765
1230
5130
2348
9380
9579
6965
5821
3053
4042
2669
1497
1721
8183
5024
7012
1051
9664
8355
7680
4807
1985
5450
5034
5388
1061
1488
859
7541
7608
7967
5723
9246
4285
8047
6295
3737
278
5290
2204
9512
6693
390
4574
133
3596
3561
5065
1401
3359
6802
2549
9454
2525
2310
4321
4760
917
9937
2915
7342
6801
8309
9072
7760
2566
4380
894
6270
315
5525
1948
6480
9544
6451
2584
1383
3772
9793
6289
1291
5414
2488
6303
5129
2590
3344
6176
5766
8647
907
7175
2475
2213
1296
4615
8522
3112
9535
9349
1879
8826
6437
8792
7419
1535
9368
305
6936
8343
8824
3019
1710
9326
1445
3961
471
9224
5581
31
8201
2171
3006
8325
3568
8023
3341
9150
3519
4590
9463
5030
3162
7450
4101
3897
9225
1657
1957
3037
7018
5080
8857
4524
179
6095
5402
3524
2180
7494
7278
670
8691
620
5053
5991
713
1329
9841
536
1523
4267
4682
1254
2508
2950
1881
6451
3993
2127
4261
8928
9432
9448
2064
5396
2650
3688
8315
4881
8314
8001
1125
1747
4752
8860
5162
1835
8729
6624
5965
1070
5838
1980
4194
7045
8161
3848
6485
8374
7349
4147
9004
4561
9274
1162
7360
1540
1901
4246
7654
7634
425
1168
3293
948
9912
1050
4331
6937
5551
7786
3968
4853
5871
4239
7091
5757
9909
3739
627
7589
9360
3000
8530
2109
8631
9863
523
5310
6278
1283
7042
891
5672
8218
2706
5503
9934
5841
3009
1144
8058
3041
8051
4852
1454
4037
855
6280
4206
2528
2467
1698
8199
2411
2257
4914
2879
7912
7486
2998
323
3506
5638
3867
8414
7762
1010
7584
4663
145
4709
1202
7561
123
324
7173
1877
878
6798
9254
4961
937
1447
2712
5426
4845
7928
9247
3803
7244
3832
6099
9753
5578
3689
3402
177
1272
2630
9823
3263
2001
7375
8564
7045
2468
9276
3727
23
2787
1687
3895
1808
4082
3118
7435
7860
3677
3941
7122
847
8076
7274
5147
9669
733
4247
7789
9993
2736
3838
8191
4213
636
8593
6885
9931
2823
901
6570
4945
8071
1811
6245
5818
6554
1556
797
4276
9942
7902
7888
5350
4529
3172
9474
2607
9963
5241
6643
468
3531
4131
936
1303
8583
9765
8981
4813
1340
2843
9909
2343
9559
2070
2418
5242
437
6669
5241
8322
2460
6395
5303
100
7974
4777
4789
6336
4290
3370
1040
4246
6485
5461
9983
2098
6724
1293
6510
3053
2984
8839
2714
5907
4832
3878
5368
4485
9292
3909
4062
968
5320
6651
9942
8046
856
613
6882
4958
1207
9251
7294
5828
3203
6693
1171
9525
3897
5706
3354
8123
9958
16
1150
1440
1183
4227
8592
9140
4854
7558
3776
2802
7658
4908
2949
5785
419
8226
7851
9370
6917
8430
5555
9778
9409
2293
7642
4331
5933
3624
7419
326
7745
229
1250
432
6419
5739
6094
8269
5039
5357
1225
9356
7259
7148
8540
7739
7989
8832
523
9938
9636
7657
391
8665
1697
795
5199
3871
7346
8657
9844
5839
7115
5325
5507
2129
6922
9242
5809
5120
7078
6400
8496
4741
8645
2460
719
2122
8287
6279
1224
8567
3227
4197
3730
6601
4701
6408
4642
2039
8853
7472
9107
5677
8573
6866
1671
8974
814
7837
5816
6689
2660
5163
4376
3520
3736
1888
7359
1996
4387
1837
8158
7824
5985
2118
5018
2490
1698
4387
2442
1724
2927
7976
6783
7748
4323
5972
7645
1123
2572
9290
3497
7727
3654
4119
602
2685
8606
6049
2613
432
2561
8933
3609
8666
8081
3003
9751
2683
4612
9253
6646
8653
7288
9767
8865
9451
1858
3099
4338
4603
6748
3148
6518
7049
114
3388
3149
7425
5318
9873
7353
9135
2189
754
2800
4675
2527
1022
5258
6173
2912
2071
4734
9845
457
3162
3568
8684
3606
8746
7799
277
5405
4112
6886
784
90
7494
1844
7495
2067
3151
9171
4304
7936
8671
6300
5646
5914
7658
6025
9522
4988
1820
7330
2254
4690
8595
4381
2006
7900
1016
6508
9535
2632
2722
5640
8323
9047
9819
3875
7957
718
1855
2727
7649
3959
7296
4569
1941
7320
7142
8900
4383
6905
7596
8895
6454
2762
5193
2890
8143
9769
5680
3136
761
6706
2839
7478
8266
6559
3357
3461
260
892
5735
7228
5645
1527
7444
792
9088
8258
7922
7400
647
8688
9952
5930
5708
901
7938
7648
5203
5125
7002
6608
8918
5463
826
6479
3083
5955
8016
3388
2921
4934
1043
2520
4260
9864
2933
3933
3239
202
6527
3815
2169
9381
321
9673
6171
9131
7608
466
4449
2641
230
720
9
4249
4870
647
6843
4347
199
3408
2693
724
3518
4958
8673
6900
87
3211
739
4656
422
6066
3234
7761
9663
972
4391
9089
6148
3140
3324
3990
4854
8412
6590
2717
6981
1155
7815
2718
5293
2908
7674
2117
1957
2091
5075
7370
1635
4890
2655
7452
7445
5562
1065
822
2789
4123
9112
3871
3748
8810
9565
9718
8744
5899
3048
7222
9237
6000
8119
516
9601
5838
7764
3151
7251
7244
2658
548
2594
6042
2969
8387
2503
9993
1857
7277
4844
5726
701
8471
1425
7682
3606
979
9075
7214
7150
6631
3188
8294
8174
3754
5168
5213
1165
7550
2317
7049
6178
7344
3166
5746
6205
8570
8732
6110
7633
1691
8442
2127
742
4747
5209
6230
1338
8009
786
1146
9395
8337
3933
1413
1412
5097
1285
957
1445
2289
2883
1
4882
8078
6916
317
6407
5260
8929
2649
2683
5500
6533
9024
1921
1021
3317
698
9819
6004
6755
9313
6795
7917
6332
6680
8341
2137
6823
6549
504
4035
8655
4596
4913
6508
9173
4566
3707
5204
6206
5824
4933
7379
3213
1543
3412
981
203
82
1138
3911
8420
611
1171
4945
9040
9494
4463
9256
2559
5906
9829
9459
503
6777
6146
7718
1110
2211
447
1471
8932
4354
4965
605
1547
4999
6670
9184
3147
3791
965
4020
5095
4773
5383
2507
927
1224
84
1278
2413
3657
3867
5902
3141
4113
9724
5527
4210
6848
6762
8721
9604
2107
4903
1404
1957
4269
2084
3076
127
1342
2506
4367
6902
3654
3885
3598
1205
6447
7930
6780
7718
8866
4797
501
8336
5234
2741
9614
3886
8042
5331
6943
4742
236
7411
8620
8716
3456
4204
2809
6093
8493
2893
3525
3374
3961
5758
3560
4891
9240
5684
8030
4951
5367
6058
4796
3914
8412
5744
503
5056
6505
2015
6842
439
9753
2262
4794
747
5707
2483
548
7330
8606
5785
8358
9443
6639
2316
5070
4608
4393
3406
7134
5192
8227
7845
9321
8608
678
1329
85
2849
7101
7188
3581
795
6771
7410
3981
4110
9400
6695
7402
1166
5781
213
5362
4208
1954
6172
8556
2075
1997
7244
8425
4288
6297
6539
5958
6673
7600
2384
868
2913
3410
4941
591
5697
136
985
5077
8163
6166
7678
5070
5695
5525
8142
9226
4471
5284
8371
6200
4129
4462
2947
880
2548
1769
7642
2474
8737
2746
9202
7378
2830
9270
1306
7116
9260
8527
1157
9251
1255
2974
8640
9110
8074
1717
1021
8501
9677
7160
3247
8664
1697
8076
5453
4271
7176
2793
587
8964
856
6331
1114
6564
728
4992
9965
3832
7675
1488
5949
2316
5092
735
2831
9709
7357
7171
5941
8162
3799
2023
4820
30
4777
9770
8488
545
4385
1950
6598
3506
8485
8782
5750
6609
9019
4878
9090
8481
5844
3822
1747
9924
8381
1948
2740
340
1487
428
4901
8258
8564
9356
2819
5703
379
4235
827
1461
4703
3934
6665
8205
9689
2092
5974
7632
3484
2458
6265
8999
1059
5732
4760
3405
3828
746
8982
8075
5344
3342
9496
2985
2822
6229
1002
5316
9338
6669
2938
8478
7722
4193
8235
3825
5201
306
6345
889
3356
433
6306
864
2995
1056
6621
5484
3473
8748
3528
5652
7553
6290
7345
6743
2433
89
5450
2083
108
7929
3331
6075
1484
4493
649
111
485
795
1694
123
3983
8397
6292
7537
1626
3176
6911
1003
3688
5952
4481
3639
1105
2247
5321
546
8899
787
532
7866
7178
146
4302
7304
8473
9407
279
8215
7163
3696
3812
8310
874
9148
1061
8112
4281
4604
9303
4027
4558
1879
490
196
9653
9969
1769
6104
4699
1531
5120
3167
645
5521
8434
944
6516
8832
8490
2721
5926
1815
193
7509
9725
3912
2032
6958
520
6263
9617
8430
7161
8278
9868
8796
4522
1169
2467
6615
3920
874
5307
8431
5211
3280
216
8307
1404
7239
4991
9179
8762
1380
7237
7814
3952
2978
6910
6572
5963
3393
3949
3981
7850
4632
1658
1603
3029
6457
4970
1530
538
3781
3372
8102
5014
9185
3281
6378
9477
1650
8686
6631
9542
2755
7703
7020
1598
7473
9036
9992
5464
6362
6190
4245
8348
9310
2805
2605
5488
7449
6733
9735
8168
9569
9843
7584
1479
4707
1945
0
9170
4862
4574
3745
6738
5647
5108
887
8171
8086
3250
9750
2245
4222
641
2383
7797
3208
7081
2017
9217
939
7106
397
2981
7804
8731
6267
2849
3993
3064
9315
8041
6113
2807
789
4202
4611
9641
5357
5373
8626
8906
8990
7355
6029
8106
9020
5706
7530
6718
7294
3953
892
3612
1416
8853
3303
2000
5955
1486
7403
2661
3498
5330
8345
2001
7004
5635
4577
2524
8216
454
9234
144
1090
7337
4160
3757
1217
6158
7585
7452
7934
4733
1000
8420
4855
2922
8488
5784
3796
9961
4872
3028
8532
4651
8930
4
3983
4091
3196
8015
3701
60
760
4125
3423
2209
4749
7464
9503
2063
6183
7144
2996
1852
4450
4731
5070
7693
7675
3382
8951
4787
9556
6209
5440
7684
7143
7467
999
4663
1782
2137
5605
3222
94
7748
6908
2333
1208
8434
4286
3434
2842
7250
2064
4908
2546
9121
1228
4012
194
1574
3669
6410
9477
4471
7009
5180
6144
1215
8190
9395
3523
9588
6685
3243
2206
2672
8846
3188
3724
3082
5679
8856
5764
6649
6784
9009
1284
9078
8607
8888
9126
6190
1139
7114
3020
5384
28
4471
8910
8350
1413
8846
4006
2595
6393
7025
1010
9665
1995
3549
3559
1962
2861
7447
882
7720
3280
4645
7730
2840
3265
8616
5665
4070
1029
7652
8787
162
3366
925
7170
5006
2360
809
4244
2618
6694
1670
5710
5702
183
5195
4753
9725
1335
3755
981
7354
2163
1712
4841
4754
7819
550
7724
515
1286
6008
428
4328
8755
1553
5451
7502
9178
7428
2613
2499
4076
5228
9311
9838
4109
1113
319
5177
5676
5967
7737
1760
6015
7834
3703
2836
1096
7179
875
1807
3679
8911
1438
1408
3836
8459
4544
5804
9347
6933
9653
8727
8384
192
1156
1956
1711
4614
7642
4278
8708
3840
1768
9259
3359
2720
1613
3694
8829
947
9468
5472
9695
7232
8511
9082
3235
3530
6337
6094
3255
1699
4327
3090
8608
4216
1335
5446
8461
2228
1503
2292
7810
815
9862
5001
4244
7288
1542
5890
8981
1889
9559
7714
2481
4127
5858
1948
7686
3662
1904
9923
4921
10
2739
5167
4629
2547
1758
3138
2148
1585
3997
8148
2983
6870
9915
8547
650
2424
3673
4165
4988
9952
1728
4546
4565
4067
6261
6725
6986
8477
4670
9496
250
6454
771
1100
9339
5340
5534
3448
3298
8949
5649
6431
1547
5218
1243
3238
1906
4693
3025
7782
4311
101
6429
7747
2969
80
5923
4775
8770
1209
5364
405
8102
6570
5183
938
5195
8822
3319
938
2476
2404
2504
3583
317
4167
4976
4232
7572
1399
7989
1337
9102
3973
7188
8291
5862
6703
2688
6422
8385
8859
3744
7204
9217
1184
3177
9141
9302
1592
552
7665
7670
6956
392
9723
8872
8476
2625
1235
5950
6940
8735
3560
5354
8813
636
5450
4220
5221
3895
2032
9951
1729
9600
7486
6073
6053
923
6868
8597
2483
3426
1589
5547
6451
6911
9298
7219
9469
8157
990
8761
1301
6584
6662
8060
9970
7912
2457
2766
4864
1859
3261
5769
5445
9913
6684
5888
7449
7180
9472
9985
1930
821
5785
8701
343
9867
9260
5964
1588
1498
7627
8218
556
5419
6456
2706
9414
8446
3797
5529
6023
6054
8837
4846
8681
5001
1376
2889
3877
611
4409
8586
3795
213
4588
8519
8274
5644
2886
96
2674
2810
5821
228
136
856
4431
3389
7194
6613
527
4374
4132
4456
8939
5701
7629
8812
5489
5470
9319
2808
5729
8326
9292
5901
9502
5063
2022
4125
76
5189
63
3944
568
352
6440
4858
9625
9609
949
1905
8379
2009
7958
2777
5478
907
394
1975
9345
8483
5754
1394
7626
1090
3080
6791
2321
2097
1958
2008
218
7810
9451
6416
6804
5307
2786
6067
8200
8548
3943
6372
6399
9388
337
4044
6871
5480
2419
5998
3345
280
992
163
2124
6620
3568
1950
1676
9563
3828
4332
1541
801
803
7643
9946
4697
8997
5467
6555
7069
1035
505
1271
8579
7323
8897
0
1424
8569
5264
3791
8382
9210
7800
9185
3253
7750
7086
3149
5522
6702
7751
1376
8073
7293
7789
9637
1791
8963
8209
7956
4358
7621
5120
7315
4226
8774
3772
3910
7645
6890
6656
3110
7650
9009
2005
3343
5107
3942
5140
2095
2979
1347
2259
5007
8099
8829
5078
7529
3833
3357
7419
6065
4712
9212
5136
9718
6269
1829
9855
4042
1246
1109
4628
3238
5746
9837
3210
550
3257
6157
9088
4306
6629
2813
7586
8046
2485
3207
111
7522
582
1014
2400
3020
4362
4991
7613
813
3821
5110
2290
5847
7973
5923
5146
9928
9570
5759
5435
4465
1177
536
1770
5160
3034
1880
1106
1531
4642
2012
7848
4817
6992
36
5752
9392
3577
6839
3201
5621
5271
9388
2240
318
257
1305
5268
82
6064
9996
2541
8109
4466
2786
8724
6145
9934
2645
7237
1438
4679
5508
8150
1852
3907
2838
8829
8594
52
3945
3272
8353
7381
3853
3532
1286
1218
3153
625
3065
8568
1075
2505
9506
9604
5978
4444
1075
5986
8010
3340
1578
6383
3832
9340
2960
8836
9934
9737
9973
791
535
8111
6103
1409
5586
8212
8951
4696
2413
1155
8486
5993
8957
2351
3457
5981
8893
1568
9496
9798
8866
2825
1107
4272
9749
6497
8487
8840
9301
4245
9682
6780
2125
261
5654
2252
9915
6946
7775
381
9269
638
5254
5834
8927
6791
8570
8408
2203
3973
6967
5587
8205
6500
3279
3315
9067
4260
9370
3543
8331
7855
8674
3781
7332
6126
7674
5660
9116
5684
1754
8259
4651
3842
9138
9513
9103
6486
9924
2749
4093
6839
4902
311
5888
7487
1152
8831
5433
9095
7156
3823
5621
2462
2229
1982
2053
272
5443
2017
6227
88
1850
5973
8679
9451
3999
5389
9703
9980
7304
7104
4318
1729
4592
9923
9471
195
2479
8589
6176
642
7160
7077
293
9342
6097
1831
1929
1703
6899
1914
4733
1307
3196
9309
1039
5221
6832
4210
6964
3046
8352
2823
7268
4623
5423
7968
4446
1161
7893
2016
6861
5884
6488
7489
6686
4287
6985
2827
6575
7541
9332
5204
723
574
7990
6674
7774
9319
7560
8639
5223
7120
5982
1512
7185
2527
3705
3249
246
8025
4957
2462
7839
789
7858
6401
385
4633
2793
1424
9149
6202
5999
685
4665
5743
1752
563
9890
1592
4960
1759
7728
8051
4699
5199
2007
4231
722
4448
6864
7461
1069
1926
6349
1530
1483
3527
368
3495
4815
4527
3846
5189
6410
9636
7500
6654
3134
6581
5236
854
529
6829
5711
1795
906
654
844
9490
6093
942
4795
91
2209
7439
8335
5826
2157
3681
3153
7986
1723
1747
639
4732
7306
7127
6988
3201
6006
3445
4826
670
8998
7150
3044
3367
5149
7176
6548
5727
6022
9251
6532
2185
3567
5150
1162
1441
8821
2806
2416
9270
1363
8344
2434
6342
3230
3304
9100
5812
3109
3139
7703
5703
9214
8162
3023
6552
9283
4186
9535
9705
1275
584
9160
8301
4419
3019
7868
1945
9900
972
646
2173
3894
819
1111
1946
7894
3686
1832
7290
5235
1918
759
2422
2499
3007
9
1695
9408
3166
7412
2786
3225
5908
1570
9448
3536
3119
5379
6203
1347
1982
1462
1136
6533
7779
7126
4092
7019
7266
5383
4731
3419
7936
7773
6513
4808
4563
3103
2966
9552
2992
2257
7190
7064
6539
9308
1524
7282
818
6094
9511
8679
6573
6224
1203
4164
4911
3818
3483
8634
2439
7153
1391
7874
8822
8873
2738
3522
2761
1138
4647
5349
5298
2560
4833
5237
5875
8510
7777
2765
1882
5891
2992
3011
6556
8691
439
1157
7460
1315
2959
3905
5559
7760
370
8898
3051
9914
2810
9356
8389
2805
3038
2066
1521
115
4899
3472
4750
781
7267
3971
7374
6547
4993
4833
5972
733
9114
7441
8269
9311
2818
9030
328
2752
9281
2042
5962
630
6231
533
1469
6340
8333
9562
2108
3994
1055
3638
1775
3123
1497
2721
8028
1203
8257
6952
7060
2061
3524
1676
4145
4355
6246
6852
3014
4117
7228
5460
9703
6972
2694
7442
2530
8655
959
4735
1041
976
6011
8326
6737
1219
7560
1669
5466
546
2145
6034
5079
2417
9761
3325
171
5187
3408
2606
2661
2925
536
403
9201
9223
4943
9913
235
8162
326
5847
6718
8165
8381
9552
8300
3054
7605
5838
8173
2042
8910
2446
1884
7208
9181
8725
45
325
7675
4278
6653
3568
1720
2778
877
2317
5326
7737
1619
7553
7042
7807
8811
8626
5356
84
3317
2581
6613
4304
4111
4070
8741
3177
2824
1302
9932
833
3535
4002
8344
4743
6239
9827
5624
7578
2060
493
8761
3670
6999
8994
9824
8629
3869
4339
5270
8814
9231
1442
9988
8934
5179
7989
4021
2004
8705
9048
6258
8291
9
1261
8144
5270
898
9690
4975
6154
5448
4249
7800
6716
8832
441
3334
7280
5456
8619
6285
8859
4520
3417
7165
649
837
9636
885
7010
2589
5186
1328
5735
5295
6326
7073
931
6535
5195
2812
7129
3938
917
6456
7076
8374
3460
4433
6184
9028
4832
7501
8743
7944
5201
5575
1267
597
6590
7999
6364
875
4204
4753
1203
5221
1958
5886
1056
9466
2848
8044
7056
4036
4235
4188
6885
8858
4586
4200
2460
2980
896
2122
8975
5098
9965
8327
9775
9783
4978
7904
9498
4820
253
3675
3139
8533
411
8431
2156
1283
6788
9453
2758
8382
8066
5062
2378
8919
8515
7875
7784
3290
1248
5425
7538
9217
3004
3440
387
9143
1393
3223
7198
6690
1143
1387
7452
7553
5622
4019
8818
6122
6972
5026
9436
7169
1780
6210
1080
9770
810
4313
2441
3203
2355
8025
3785
3096
20
1470
183
7171
5014
6634
7312
7020
9308
8344
1250
2520
704
5830
8315
5652
2577
3451
6282
195
9190
6989
1027
9080
5545
2566
2069
161
9411
9682
5198
8682
1095
9733
1685
6718
9119
3624
8892
127
4728
1182
4206
3442
5169
4904
3055
7464
4352
5820
3140
412
681
3705
5176
6056
1882
475
826
7112
4796
2898
5965
1921
325
4644
2803
7609
5203
9097
9596
4731
2623
7702
9115
3860
338
8778
9409
5206
3170
3935
9875
732
4710
1857
2234
6405
9331
354
2752
7308
8752
7701
9301
3872
1173
8105
5406
7402
7211
6915
3578
7185
7778
8061
4825
5357
3525
4290
4341
2092
7544
79
1955
1634
3420
242
522
3969
5636
6090
7599
7429
9347
1384
9379
5041
7214
2204
212
9530
8493
9065
5548
1509
5551
7990
844
8558
4926
7599
4706
9658
8091
583
9238
551
76
7681
2767
7087
9316
3347
7120
1130
7456
5828
9249
691
796
8326
4149
632
7417
3303
2336
1680
3285
4362
6388
6894
9493
6186
6572
8870
9869
1680
8308
9526
2597
4250
4504
3993
185
4106
2284
2965
8485
3320
7841
3506
8258
6388
1890
4949
6794
5883
7298
371
4115
691
8472
3913
7032
3737
9475
7836
5571
7087
2360
2705
5495
1438
4630
5317
9644
7892
9777
2496
3881
9627
7413
5233
2630
9505
4207
9001
5547
5101
5694
1168
3353
1725
7618
432
5147
8765
2561
193
7578
2664
4841
4185
7191
2984
9638
9188
881
466
6366
6055
5042
9460
9652
3726
4153
32
8515
2119
8335
4702
3587
5604
6367
924
2144
9816
4071
2688
2367
5191
2741
5451
9045
3798
4473
6702
2411
8541
5947
7346
741
2821
1185
168
5224
4111
6629
5630
3538
7090
8828
9725
2250
6173
9389
4669
4547
3960
6057
4374
8081
4234
2689
1897
5341
6075
1430
6514
9490
8994
3835
2786
3494
5979
439
5791
890
8497
3343
7403
9978
6546
1275
6055
270
8577
6371
965
6985
3144
3211
631
3748
3105
4140
3822
3993
5696
6446
3019
1054
7419
1989
2336
6664
1416
8945
7095
9838
6653
2565
2020
9557
1911
4717
8777
7291
2838
4082
3083
431
6532
8315
6861
5602
7665
629
9196
5748
58
6638
7817
3305
9881
3249
7502
5059
6493
9369
3224
5038
6449
6986
9246
8643
9640
2656
4231
7467
7500
4570
6577
4054
9571
6031
4700
5815
1247
1479
4962
5867
5599
5784
778
1954
1486
8582
7084
6313
7948
2064
6815
6814
2054
1229
8049
3409
9977
595
6517
549
3647
8226
563
4618
9104
2404
2362
5676
4742
7682
7612
6709
9282
8129
3047
6723
6660
9951
8096
3276
6625
9528
5200
1130
68
1509
1266
7881
1399
5406
592
9792
6195
7191
9177
978
5078
9165
8066
7404
5021
893
7255
3249
6083
2295
8401
7647
6426
9779
8196
9311
7415
5140
5192
678
1516
5677
5724
2234
4646
9366
1645
488
3616
7144
119
7791
1726
4698
7355
3014
54
2718
9701
2872
4969
4063
7396
4481
8907
7858
6044
5827
4062
6795
3079
9492
6005
864
7119
5245
8836
5959
8174
1501
7767
826
409
4129
6303
2446
396
744
1018
1125
640
4223
2374
1617
9429
1623
5461
1700
583
7844
3572
3909
219
1911
2624
9886
5242
4919
9908
262
1040
6090
9185
1720
1855
8318
3274
4386
1992
9183
8325
9042
7929
6769
3758
9584
9257
820
2418
1425
6487
8067
3785
6971
9872
2221
9897
2692
6603
6586
2698
6465
3211
3421
7945
568
1616
6505
3841
7131
7874
2631
5074
7664
8454
1723
8892
7208
3364
5719
1975
2404
1651
2858
4575
8868
8606
2073
2550
7719
8473
7897
227
285
3551
2208
748
2246
8321
3682
6074
4246
8251
736
1013
3576
9077
1687
3735
496
8323
8266
5237
5132
3268
1727
8432
6775
3226
4420
9278
6015
3668
1377
253
8392
1752
2505
6868
1443
5291
257
2215
4508
1149
6814
4193
2456
80
303
6218
6138
6869
3236
6767
2180
8512
7356
1568
8784
7169
3971
1634
8269
3276
1676
6999
3224
6406
2499
2048
7865
6263
1264
7772
1068
2073
9913
2366
433
8821
2916
6333
4621
9650
2382
2849
6802
8540
7476
7666
4754
2582
1380
6617
2592
8294
4258
5184
2858
4356
9355
8158
1425
3528
7017
1341
7524
1750
24
8573
5054
6128
968
2288
120
793
4879
8892
8048
2321
7344
6008
7939
2546
3068
548
5720
6360
1420
4045
1719
6805
8952
7208
4771
6500
772
5708
9511
8523
292
3562
2180
672
3936
7273
1848
5383
9855
6095
3569
1846
277
8442
885
4117
2455
2798
2809
7735
682
6825
922
4899
7797
8205
1585
3402
7036
330
8790
2104
2596
5564
4384
6377
9253
5260
7458
4771
6000
3127
2285
8071
6280
3785
1966
233
2312
1886
2203
542
5985
6830
2606
1616
5225
1913
4037
8078
7943
3898
8921
8144
8715
6318
6327
7232
8768
7059
6729
5577
1372
4071
3666
5972
617
3386
9617
3682
4748
5570
7843
1991
9654
2681
3810
9113
5661
1432
1760
1566
3795
5892
1200
930
1431
89
9004
8337
8599
6817
8876
193
2560
5876
4157
3179
2011
4374
6755
3906
5238
6134
7797
4674
4553
1536
1992
1696
134
121
8988
6196
5305
4117
5516
5943
6000
2828
419
6857
6848
4604
9911
4231
3770
2830
5902
1124
4289
9279
8928
8947
333
2603
4139
6421
4500
9029
730
4653
203
7281
978
5817
9363
1510
8840
4454
8689
3095
6968
6231
8659
3957
2269
8021
84
4310
327
9273
7212
894
3012
6987
2003
2204
5701
8814
2185
6106
9592
6474
4550
3673
5057
7637
2231
4626
3743
8130
5792
9517
1062
1571
2790
3129
6192
1458
8415
7962
2179
5393
6713
4489
171
6854
5542
8545
7188
1040
759
7386
8014
3147
9881
7890
4613
6768
7009
9320
4981
8983
6912
4543
9861
2111
5859
6995
5660
758
7314
626
220
6791
9788
4948
7258
5472
1040
1233
7635
9651
4595
4837
9963
3996
4650
8397
5408
9701
3100
4899
7084
4030
8005
909
8746
324
4102
7719
5376
5658
9638
9528
8994
7949
1101
1396
6208
1864
3975
1631
8293
5580
931
3293
5138
9200
4747
9126
9810
3473
2638
9934
9660
9594
2809
8807
9596
3788
3902
9494
4575
5245
590
2131
8549
73
7933
6380
9854
5933
4548
7908
5166
235
8333
4777
8120
7422
4413
7307
469
7814
3433
3800
916
9522
3318
4114
481
9454
9325
3040
13
1675
1331
9356
7063
3437
6864
4927
3563
2835
1538
4978
3457
7033
8425
6978
7523
2922
263
2923
8525
9063
965
2382
8971
1940
1714
752
8867
984
4232
774
9499
3622
6924
2850
6651
9282
8944
3758
5434
1848
9623
1700
6052
7271
2940
9980
5153
2332
1833
8684
3561
5647
4479
6203
3525
1221
3285
1913
7631
4528
9417
2373
6396
9574
6157
1196
2524
4734
1095
2521
2410
664
2404
5306
8371
3723
4020
7851
8918
605
6172
8322
669
7325
4232
1381
1541
6939
7111
3784
7780
2281
8735
94
9626
7245
1814
771
5578
3266
8360
5374
2907
4689
3601
3940
4205
1631
2416
8914
387
7569
9599
2813
8136
2379
2613
3128
8205
9654
7300
972
5800
3918
7109
4965
3945
2770
9285
6516
8786
9017
7119
1563
3656
6534
2483
4433
7288
7487
6681
2014
2230
8384
8609
5939
7628
8841
2662
4227
3865
7356
5050
4065
6611
1339
2565
9370
5894
2030
6683
7729
1231
5124
7823
6531
4747
3097
9811
1016
834
2788
790
1424
8263
724
702
2390
62
9188
5102
8444
359
1203
5747
4194
3775
3192
3734
759
2018
7902
1176
890
288
120
3461
9832
586
2585
9271
7416
6306
2119
7499
6457
6588
3698
9178
7890
5438
2034
1963
1798
925
2052
8191
6473
1348
2863
5288
3740
2044
4010
2620
4702
2121
4055
9951
1215
2403
9023
8365
5879
5901
7172
7954
9408
6882
1067
504
9358
8614
8043
3490
7972
3339
7795
2906
2990
8483
7935
1472
4287
937
3477
2522
8710
9145
4512
7660
9110
5503
1209
3465
2292
5859
8971
9699
715
281
6763
9739
5298
1901
1258
6920
3431
3691
1836
7294
9457
8955
2980
8305
3529
3195
6122
5957
2617
7948
5294
9426
8082
9719
8043
5973
2103
6326
1064
1601
3168
9288
3170
1400
6125
3119
6861
7153
5341
9645
9274
4973
3014
8819
263
264
2557
2866
6426
229
9231
743
4248
6647
4147
3823
4065
8557
5257
3507
9125
487
1183
6348
9640
8715
9445
130
7196
9726
9006
6193
4853
3252
7869
2200
340
1731
3392
329
4932
3200
5770
47
3887
6980
9620
8639
5381
295
170
5170
1919
9563
7361
1185
6440
6308
8814
1780
8844
5642
6964
2701
2496
3872
6519
6644
3405
6867
7070
7636
885
7630
6353
3948
2464
5555
9484
6555
3199
8898
5585
8308
7738
1772
6167
5224
5274
6854
7927
7523
6734
732
8438
9694
6225
3477
684
8129
3858
8109
3061
3903
2136
64
8432
6219
8390
2326
5226
839
3711
3090
5281
7289
6768
4607
8569
2383
8716
8140
495
728
2377
8504
5018
3286
6632
6394
4443
3579
4840
6632
8043
4607
2327
6265
6236
7834
9561
7701
8463
1758
6257
118
9960
8856
6345
7727
4483
2022
9306
4971
3688
7880
6444
9668
58
4654
9045
5283
4773
5165
5174
4003
8046
6668
