5000
1779
856
1722
2047
760
2738
3720
729
1010
3991
1639
2712
4757
4829
2433
4763
3812
1368
3692
2582
2816
2659
3195
3232
3039
4823
2051
3741
2169
577
3837
843
1280
2492
425
1800
692
2067
2688
1373
1335
3940
4516
856
4593
4300
1801
2280
3174
2778
1795
2792
3579
1647
2021
4179
2143
2970
599
3422
1582
2250
977
3912
3001
1252
2220
4943
4455
4127
3843
2701
597
2521
607
2954
3066
2419
3767
883
1936
4033
3735
227
4602
247
4010
2634
4118
4329
2648
1468
4070
4090
4448
2900
2981
763
4169
708
3195
233
3449
650
1588
4442
1812
3354
2428
3237
3437
681
1522
2395
3333
4179
4454
447
357
3303
3662
4341
4014
1504
812
3831
723
55
502
2730
4032
4383
4461
2161
2889
3115
2235
1868
4177
4222
3183
1175
1111
4643
2113
4780
1055
2077
4549
1261
2971
4165
1905
3131
3386
1038
2673
2851
1218
437
605
4754
3410
3618
1146
1296
2053
2529
381
3855
209
325
596
3658
4010
1620
1481
2253
4277
1012
3325
4711
4772
3490
2072
3366
2274
3787
4138
426
881
2935
2547
4664
1583
3835
4967
4599
2378
947
3133
3313
1201
4367
2121
2226
4347
516
3645
2806
1451
4767
2207
4377
2359
285
3039
614
1442
3181
3748
17
1962
1966
228
3503
1022
1060
676
1781
4998
4866
4551
4353
4428
3039
3413
3624
3569
2758
113
2869
432
2995
4243
1384
3924
2493
3649
1512
3954
3177
4066
4206
2715
346
130
4168
2083
2828
3957
2399
2618
768
2123
438
805
4563
1950
344
4005
4880
651
529
3495
4503
4234
633
2522
1831
1348
3072
459
4123
3823
3999
2138
3144
660
791
224
3792
1576
3586
4652
2399
4662
3589
201
3742
1886
1749
2745
289
2225
1738
2801
2289
4079
2156
1336
345
3170
3542
4461
2276
1135
3094
4017
735
1896
4701
865
4478
953
1901
4420
4974
445
4802
2775
1715
153
4124
2019
1147
773
3677
2997
1569
4501
1157
2685
3270
4454
3560
2994
3662
4617
1339
960
4479
292
4473
2896
4966
698
2214
1368
1718
3274
3295
3766
2036
2612
2996
3456
1021
2041
4840
4687
2969
3780
2881
1743
702
3154
372
2435
4428
4398
3964
3331
3039
1689
3992
4534
2175
2391
1485
1444
4971
356
3320
1609
3405
3878
1877
3040
2779
2912
3615
4598
854
3266
480
4500
2851
4580
2450
3720
2491
945
2287
3162
1361
1875
637
4381
3312
770
1155
2880
4711
4530
2966
2801
2157
2350
3588
4785
4473
827
1766
4351
1081
1079
4618
1878
3872
905
697
2251
3426
3416
3516
1197
2572
763
1984
2952
1584
2444
1051
3007
3778
2413
3415
869
1018
4746
48
4703
1094
2256
776
4962
4384
879
1285
1994
1090
4196
3018
569
613
2384
1320
923
1878
2214
1897
2901
3721
577
894
740
1660
3277
4808
2311
3069
1212
2168
3263
4698
4508
1111
4329
2610
4745
1107
1581
1915
1155
205
4116
3981
3356
2454
403
11
4267
3064
1170
4031
412
967
3798
4369
4972
1528
1503
1274
4901
681
708
2005
2837
1409
2443
3349
1858
4267
4869
1282
3548
4474
4084
3105
4777
550
2228
652
4371
887
896
4775
855
2795
1152
3588
3614
1262
4088
529
2253
1953
3123
4604
3572
4387
3040
284
566
4086
687
1151
2078
2614
1946
230
4625
2900
150
3284
4785
3583
3375
1020
3058
3968
1862
2379
4297
309
3677
76
1552
4923
4166
3164
4074
2007
1484
2118
4956
4151
484
4162
1685
1555
4077
4517
3007
2562
3896
2634
4991
1643
2234
2600
4200
1768
824
1135
1883
1019
2154
3941
3820
4235
2928
2732
455
1518
2406
2164
2376
1639
972
3736
1291
2382
1801
3981
3396
1566
513
2783
2650
3107
976
703
3038
1712
1277
4087
2168
2122
1344
2472
1824
1968
2948
200
68
4273
2295
940
1773
4015
4475
2967
919
4529
1941
1901
2590
3320
2946
4643
4266
1532
4228
4578
3594
2864
434
1562
4076
1900
2639
4360
2643
1790
2150
4995
2667
4928
2525
2658
3072
4253
3366
2393
4908
3816
2091
1665
943
1362
3003
2011
4134
2513
2846
1188
2609
468
2712
2068
4469
899
2273
2488
2966
2381
968
390
259
1153
1767
2962
4442
1383
2048
3266
730
4094
2004
2053
357
4890
1321
2248
1623
3433
2158
2138
2810
3289
1387
167
438
756
3803
2448
4043
4102
2346
1302
1318
2654
440
243
3792
1810
4078
3796
4276
2280
3461
1959
3883
4642
2208
3078
1246
1108
2793
341
3974
2061
397
1169
2925
4068
537
4393
3418
1951
4802
755
1922
235
4461
4831
4273
1873
2289
1517
456
4563
1624
2694
4236
2473
2949
4461
3057
811
4851
4671
4237
168
772
4019
346
4297
2114
3586
4326
668
3079
1742
92
1304
4229
4383
1984
1996
3919
499
1708
2559
2935
4320
1861
766
4681
3269
2862
1881
2506
275
3052
710
2185
4693
2690
1381
3784
2
4726
1425
1598
1000
1815
3814
2614
2894
4214
3381
3339
4107
4674
1521
582
2949
4961
2469
554
1416
1001
4759
173
4200
2860
768
1543
4034
3446
1510
2187
3108
1100
2283
3600
2389
2992
178
4308
4145
760
3818
869
2132
1959
4634
3101
861
3854
3525
3297
745
4933
2312
1974
2801
434
3846
3865
1185
2099
1428
4479
3348
2556
197
2798
2099
2181
3350
4599
2368
2412
456
2955
2956
4873
2975
2289
3021
4561
4896
2325
3801
1104
1625
4409
1784
2549
4970
83
1632
2245
3170
1134
2468
2541
1448
2492
603
2491
4917
2715
641
4719
2894
1790
1324
4886
4632
1621
2634
2692
1914
4608
4623
439
4862
2007
3425
3384
3988
3033
645
1173
190
4632
12
2373
432
2318
981
2334
163
2505
3430
2441
2825
693
4600
244
3482
2681
2791
1152
1769
2208
1915
4245
2915
1831
2080
2463
1608
766
526
4310
3684
623
4079
4242
4320
1419
3569
692
4673
3876
4534
3796
3676
4829
838
1049
1162
3083
3967
2114
327
1244
1478
4947
4242
3974
1635
4200
1197
475
2300
1084
3722
2941
4938
4231
3953
4394
49
3109
4531
4433
1312
610
392
3157
4451
1151
2085
3286
4703
4561
2085
2116
2665
4970
3341
4880
3639
364
437
1264
1858
143
3857
1163
1610
2370
1717
2737
3312
4418
944
1304
4669
2906
4664
1323
105
2149
3332
98
3482
234
2351
1481
481
391
4419
2721
4405
650
48
233
4880
2849
201
3302
851
1648
2343
196
495
751
1353
3536
4344
3862
4146
4035
2282
1800
4472
4395
4748
1656
2078
1021
4198
1958
4868
2922
3946
3879
2306
4095
4077
745
4085
4421
2407
3046
3779
3028
2960
1018
2322
1980
2616
3500
4905
748
1028
2782
3106
3948
3479
119
374
3139
3371
3389
2882
4098
502
4161
3557
2660
3695
1163
4129
2634
4589
447
2312
627
2192
4644
3444
2994
1986
996
4713
808
1413
2340
1562
2579
2864
4258
2517
336
2898
3117
4505
3339
2628
187
678
1930
107
2485
205
1736
3944
636
4834
3310
1070
4153
4553
976
3861
168
2604
785
367
3682
2448
4949
3783
907
3701
1055
1777
4124
4355
2597
2496
4237
1457
4141
1862
1363
2640
989
1281
3204
2005
306
1355
1882
2024
21
1396
321
306
1451
4003
1822
2681
3990
3474
4380
980
900
2072
116
1020
2163
1300
4567
841
3677
1867
4110
1337
3401
1282
3134
2987
4585
2166
4957
3752
1083
1244
3745
2092
50
4748
4281
3994
1783
281
945
1910
1290
4299
347
3030
123
2002
1691
2380
1321
2082
644
132
2933
4703
2273
1474
1412
1711
2924
94
461
3684
4174
746
67
1301
3540
1129
765
991
3291
2665
4873
1226
3801
2543
4839
37
3451
4866
1709
1655
426
3099
3139
2532
3432
3758
2373
3019
3397
2503
3594
3690
1396
969
1556
3647
4145
2540
1335
3754
4102
46
2291
234
316
809
2922
4412
4578
814
1658
2667
3523
1690
1155
46
1100
1700
4325
2964
3741
593
3462
1164
775
4190
3909
3089
4573
2970
4768
797
3145
1781
3331
4640
2000
4572
1486
4704
3853
4467
2798
4833
997
3592
4418
4793
2793
393
4904
1143
790
3459
402
962
2125
2019
2668
4637
3178
4481
2549
1972
1466
1033
415
3355
1375
3324
3268
3389
4350
557
2612
3354
1614
1575
1790
4792
4844
776
4996
2286
3980
3652
3824
833
2297
3681
2865
1911
3718
3728
3315
3863
3920
2894
1266
4330
2018
1863
4876
2868
2469
2683
2717
3791
1429
548
2912
2152
1126
2243
3371
3638
1199
3346
639
3128
2705
376
3467
4551
2051
2509
4686
2536
4864
4955
209
2590
4404
1437
744
1240
820
1871
1256
2504
3219
2109
1904
2902
138
3578
1624
4254
264
3603
2204
1533
3773
4677
2014
954
593
1456
3248
1263
398
2356
2881
2845
2093
4433
1123
3950
2393
2141
3792
36
2913
3692
4536
876
1505
1072
4327
1545
244
282
3691
3741
1101
3420
557
2780
4382
354
140
890
2860
3361
2803
408
1004
3421
1646
4514
4115
2414
1500
1451
3442
3162
3713
1628
2717
4437
2742
2009
3942
1507
4333
4530
2696
162
4116
3686
1469
4887
4432
3047
3453
1060
2434
1249
2784
3988
3865
3953
1657
3075
2865
1014
1428
260
2553
3549
3698
4
3663
4735
4462
2621
3355
3051
3696
1570
20
1711
2981
2116
4664
4892
1869
3107
117
4348
1084
4093
2720
121
2472
3012
91
1415
4188
478
3476
4737
3923
2439
1442
2249
13
1475
2369
1712
1978
991
1619
226
704
4655
1301
4931
1405
3269
4916
2190
625
320
861
2800
992
213
2408
1077
3524
2152
4292
686
4110
470
2920
3830
4961
302
229
4807
895
615
3369
2888
2331
423
3035
890
1845
615
2839
2428
3570
4834
213
2654
3429
4802
2127
3083
4339
1114
1881
3025
1880
4469
1781
668
2749
1451
1534
2737
1031
3812
3480
896
2785
400
4868
3817
2496
222
2158
2248
3782
2052
257
1252
1050
1635
500
4261
3275
2868
2122
2735
2348
128
558
3495
892
3009
1912
4752
2865
4027
4139
2441
1840
1203
3183
2887
565
2364
4804
4305
4734
170
585
21
1707
4474
342
4875
4663
381
2396
3295
774
2479
2112
1486
3664
3128
1567
4452
17
3320
4314
3634
3590
3293
2515
1676
517
4324
2584
1564
3711
2895
3718
2936
4136
2403
2268
4002
4152
3665
4910
1057
1441
518
444
2079
4659
4338
1158
551
1381
2825
4081
3186
2997
2408
3828
4392
1599
4057
4697
2868
2211
67
3230
1431
2423
2172
3369
4250
1150
4415
3195
401
4789
4024
3930
3541
1080
1300
3656
3642
249
350
47
532
379
775
2429
884
424
1350
925
4916
2764
1444
1443
3638
3176
1626
1697
2316
3718
2844
2801
3948
1683
3365
2248
447
523
4563
148
110
1383
1021
3785
2600
358
1800
781
3808
3914
1913
946
1864
3007
2315
1911
2924
3456
2298
2315
4727
2549
1484
2184
4189
3451
3195
3085
4964
1230
251
880
846
457
4602
2217
1178
1906
4372
1369
2686
4734
1998
348
3428
2437
2598
4972
3879
1666
87
2459
1761
1628
3834
2464
2608
3325
2995
2201
3018
2136
1668
1663
1543
4435
3792
389
3879
1386
1068
32
4117
4557
1237
4076
220
3069
462
1886
3769
2694
1751
3281
1376
1808
4277
582
2395
4023
21
1348
3298
2793
2489
1655
474
4200
4083
2924
1014
3789
4145
1607
782
3408
2913
2503
2342
763
3185
420
2339
4653
958
3348
4979
854
1512
4338
4464
1844
4611
2881
3352
906
976
3390
727
1095
353
1150
2374
3216
4157
2067
3635
1397
1386
1419
143
722
2864
4072
1084
1162
4908
117
3133
904
4318
2891
4908
785
587
1068
2362
1336
3263
1602
959
3190
783
2402
1892
1697
82
2232
1482
2838
2062
3114
4551
670
1078
427
2297
2291
3378
2500
2062
3917
1058
4040
2811
2027
3863
2777
3944
2940
813
2266
3027
721
919
2550
3559
3673
564
2524
4948
2343
3096
4042
2489
1507
3193
1663
149
2687
870
1635
919
2419
2541
1242
906
931
1505
2676
3017
1697
1768
1922
4388
233
1565
2256
3837
311
185
4072
2383
1292
475
414
2633
2280
46
1272
4280
2595
3234
4755
1645
4932
2947
530
3585
3162
963
3058
924
4431
2917
2652
168
2807
1755
2539
4124
3745
3602
2871
1465
3256
2940
3738
4420
17
3268
4286
1193
2478
1264
1415
3861
2847
2994
26
4188
950
3656
2867
4856
377
2070
4903
2965
4796
3810
124
935
789
2511
2739
3209
3523
845
3023
3088
4582
3077
3144
4607
141
2021
2718
3718
864
429
1585
4457
3596
4745
618
21
4511
1120
3878
612
786
4938
942
647
3861
4900
4064
1378
4215
2513
1414
4315
555
615
2143
2626
1351
878
4901
3029
2378
3646
435
1680
3589
4280
1413
4216
1392
3269
1405
117
1246
3703
2933
2089
3822
1202
1337
380
1192
1806
1774
1402
4117
2507
603
312
82
3753
2411
1486
4028
2091
599
2473
2238
1802
4249
129
136
2154
4154
2160
777
1134
2144
3785
4499
951
4418
2202
2699
3449
4620
4759
2408
1141
3180
4875
1683
3860
3445
4458
511
3361
4919
2448
1919
1434
4456
3924
3207
4798
2089
4506
838
2913
3758
4939
4582
4001
2401
1983
2062
4499
4510
3165
4274
1020
383
1274
2478
4315
4037
3876
2901
2286
2630
855
3410
2289
1605
1105
789
2757
2526
2046
4058
3225
1226
4015
3546
2890
34
1883
817
170
3797
1523
3085
2922
2434
1405
1339
2554
3553
1693
4911
1854
159
3207
302
267
64
928
3407
2487
1064
3874
434
368
2106
3039
2036
3753
2546
1671
3556
412
2138
2037
400
2951
50
3050
1017
1695
1805
4509
2550
3377
2169
330
234
1609
2168
3509
2949
4705
2814
2320
3824
159
3549
516
2847
1736
836
2589
335
3898
3849
4779
715
3406
1369
1799
1306
204
838
1934
606
2927
1802
3056
770
213
2573
1043
2644
4739
1062
3014
1152
3702
3030
3807
518
3014
2340
2666
2440
2890
2228
1319
321
2739
269
4187
4047
2287
2853
3789
2397
4550
4397
1882
1333
507
1521
4167
863
817
448
2145
2500
502
4984
1468
4007
3718
1795
2008
1843
4335
77
567
81
1950
2418
1604
3226
3148
2498
3222
3591
4097
1933
2661
3757
467
877
1660
2031
3557
3413
1788
1273
2830
2327
3217
3708
1562
4729
4217
642
4079
2012
543
3747
3893
1562
3625
1752
3440
2111
1495
2557
561
3459
2
4861
2927
3231
3826
3588
4970
962
3915
3497
1334
1905
3614
2638
383
2882
2026
3169
644
1560
3195
4410
4820
4212
4534
449
504
771
1741
2505
1486
2165
2399
3538
247
844
941
2642
4588
1969
340
273
2284
2601
2441
3226
1621
4060
4101
4383
2027
525
3085
3129
3344
104
4111
2280
2798
4270
2127
4197
4747
2966
4404
2274
981
1482
2656
4949
2220
3165
1084
2438
445
3866
3855
4216
1039
427
902
298
3021
1223
3997
2682
2308
2612
4166
2597
1694
3633
3027
1111
153
2271
3613
1668
2082
233
2159
4676
3039
2239
3005
3981
4757
2216
1425
602
3712
3975
3834
4751
4043
4077
1325
4788
2259
2051
572
4306
3740
505
4030
576
3239
1907
2405
1001
4552
2242
572
920
3792
2064
2968
1604
1337
1838
638
1492
3140
697
3780
4078
4150
2343
4992
1450
4017
3587
134
500
1088
48
3215
1724
4778
1954
1525
3315
816
2882
3913
1534
2321
4615
3882
2482
2613
4805
4224
1275
251
251
4839
2238
494
775
1115
2041
3125
4613
1440
2938
4386
3465
993
2603
2697
4075
2941
4295
2498
3548
4321
2896
2355
1874
859
4989
26
1171
2054
4990
4282
193
2240
2989
2893
2686
1968
543
1595
4762
780
2480
2215
1021
1930
311
219
796
4766
2964
3387
3012
2258
2541
635
3120
546
2213
3315
2710
728
3923
2258
3056
4073
528
1782
2407
803
997
3209
1938
2319
1154
4438
2021
2929
665
3187
3367
4952
3801
4917
636
4561
4433
3099
1552
2880
4379
2294
2240
1754
3984
2992
13
3213
2800
4504
1395
595
3127
4035
2419
130
3822
2803
4210
4851
1961
3399
642
1987
2194
4811
2072
76
2490
3673
2887
75
2319
1703
2180
503
4024
4877
2597
886
1768
2926
3665
3827
942
2577
3079
1350
4835
3781
1617
4113
909
4314
1682
1951
941
4963
1533
4616
4542
2747
3670
478
4243
2744
2035
1479
792
1013
2178
2560
3849
3422
1096
1740
2399
1102
2910
3019
161
3757
498
3383
393
3972
893
3664
1124
3237
686
1677
1214
4072
719
3476
1620
1522
1735
1242
2676
1659
4244
1059
2499
3299
860
3552
2336
542
1367
1693
975
932
4987
3509
4977
59
2048
1299
2270
4497
1583
1726
4764
1841
1993
1704
3915
389
1730
4922
1043
2234
1704
2714
1400
1245
794
820
3827
2755
1510
2741
2738
2208
4174
1215
4779
1490
2505
2374
4406
2613
2908
4816
4474
3696
1095
1384
2435
4833
2232
4800
777
4420
2559
3826
2203
2212
3813
4312
3929
2762
3734
1758
2757
3257
735
4634
1460
664
486
2251
423
3158
915
4128
628
2253
928
4538
2109
1552
3358
3547
1145
2184
3376
522
1595
2827
2678
367
2670
4655
2170
3322
3584
1514
4054
864
1041
2697
1045
3390
960
4045
4125
1281
522
4414
1619
710
707
1699
229
825
2767
1937
1148
2858
68
1327
4054
701
4186
3683
4950
3973
1922
1116
894
996
4323
3331
109
1957
19
4305
1439
849
1734
2290
1198
1442
3256
770
2212
1334
384
335
1561
3034
387
4448
3069
409
277
1205
2409
3227
876
2502
844
1434
2024
3710
503
542
2879
4342
4081
4289
626
225
4014
2163
4552
1299
503
656
478
786
2615
4629
1673
4021
1050
4182
3153
2662
2040
2730
3696
2657
1473
4255
4074
322
4164
365
4632
3825
4827
3356
3986
3617
3310
1321
4683
4183
4989
518
1022
4051
189
4675
4627
3449
194
4690
1531
1843
501
1391
248
4314
2930
4072
44
378
4714
3697
4259
4602
818
796
575
3781
101
4721
2934
1098
1666
843
4337
4283
3109
379
1665
2962
1819
2107
3332
1908
2507
1695
1271
2583
1378
257
1783
716
1481
1534
3718
4080
489
2587
3617
4545
1264
4324
1859
677
3702
4675
3649
3903
2891
2928
977
845
4014
2211
1497
2071
4257
3345
1142
1318
2780
3833
147
4025
1620
3304
3488
4405
4044
222
910
4750
1739
4087
1784
3150
382
2357
1863
1760
1933
3202
4558
2654
2106
4356
2570
2668
1196
2648
1672
474
127
295
3763
4895
2869
882
4095
1356
3656
67
2933
902
75
2293
363
4517
1126
3631
3572
848
1368
1857
1957
1968
1526
4526
539
2017
1603
633
3738
315
620
2833
3752
4525
4664
4988
811
4418
2538
1185
4699
175
1809
2987
1207
1155
2537
2271
3307
9
3020
2875
2415
2116
2860
3931
2931
3235
1438
4580
2433
261
2930
4994
2554
336
3093
358
1416
2819
4720
279
1895
819
1231
2201
4265
1481
4199
4011
1249
186
2186
1945
1516
3368
1170
2970
4232
3255
787
2955
774
2590
2422
2443
4712
2416
2100
3737
2643
1434
4792
1421
2526
467
4871
1821
3954
1505
1871
3032
3960
4672
4524
3571
161
4406
628
2616
1539
367
3377
1147
1328
508
1370
4743
3651
172
4751
2614
2301
2640
569
1707
1737
3628
2105
4243
979
3903
4161
1569
225
3859
1763
2110
4380
3011
93
541
1604
4292
1924
2235
1197
4047
2768
586
160
2326
246
4601
2190
4945
3204
2293
3868
2792
2088
680
4926
1776
4205
4182
3295
3188
3003
3138
2480
820
1307
820
2201
2304
2384
417
2783
4884
857
4356
2329
4778
2033
1837
1316
3121
4944
1178
4688
1752
3150
4727
2269
4460
1201
3509
528
937
4177
2404
2382
182
913
3264
4021
4860
4160
2765
264
2115
2872
2207
2653
3368
28
2733
2892
13
989
3662
4029
4287
4069
2589
1240
3357
2837
2423
3900
393
4923
644
1147
859
4869
1397
2950
2366
930
997
880
3072
2193
639
4905
2443
3228
3303
2848
1717
2573
1453
1999
3964
4550
2601
3464
1552
1850
4004
4094
1533
1997
96
2525
4054
3703
2304
1766
3333
383
3128
1901
2435
4297
4933
1521
1292
4430
4345
4768
1440
1220
4469
1775
1915
897
864
724
3761
4252
4948
1540
2039
2145
2243
4727
2938
3993
3717
4047
1537
2222
2615
748
1653
2350
2705
3331
454
661
2946
4410
4000
2807
4829
574
3528
533
4010
4046
3826
3150
3238
2807
3037
1496
3075
4367
4563
83
300
2795
4399
3877
3174
1577
4153
3804
2069
3791
1016
257
1738
2656
1247
978
2321
2796
3213
3428
2269
3972
362
893
572
1302
4521
4729
642
861
543
806
576
2910
2320
4830
416
3498
3352
1843
1687
2908
1766
975
4434
1852
3232
1442
3637
2389
2891
2593
3707
1313
2176
1428
3189
273
2724
4637
445
163
3369
2262
4180
3106
1286
83
915
2796
1448
3663
2343
2594
2828
1563
3735
2579
3606
2899
4253
2674
4589
3411
3658
1819
2371
4538
222
2797
1089
437
2014
1945
1956
2353
4113
2780
87
4887
2776
4107
3276
3285
161
38
2442
2813
2683
939
3258
2106
4118
3562
3323
3622
2706
1813
4920
89
2274
2251
2602
3610
3783
2491
4962
3740
2937
1073
4465
419
4934
2691
1033
3416
2661
4581
728
1372
4522
3298
1288
1935
4740
1674
455
1617
4449
4962
1222
4068
2713
4379
235
1960
1314
2630
1860
76
774
108
2395
786
2966
1806
1040
533
2673
2616
3834
3049
1894
2862
4967
2691
1983
2873
247
564
2925
358
2164
377
2248
4612
2922
1862
649
4425
3422
2324
1849
1592
371
1161
330
3100
2908
205
402
3363
4924
281
609
4105
1948
4944
2685
4265
2987
3429
1824
2339
4985
808
3780
4993
4481
1280
799
3644
1655
1811
4592
2611
1160
1390
3001
1379
4716
845
3459
3106
2745
2764
2279
451
3580
2099
1252
2235
2472
1134
2005
288
4261
3857
2648
702
3682
1556
1114
488
1318
1322
1695
1893
1145
187
4729
4143
3024
686
3273
1108
1978
3155
1422
4703
4382
3770
3066
3881
1849
4585
614
2473
3556
4107
371
1044
2805
1761
1834
4540
3784
4896
1533
1769
4744
3527
4975
1668
1813
1843
3400
253
3911
2361
3173
3750
3233
45
98
1173
1566
445
274
349
3625
102
1726
3641
1348
1547
4753
3741
1620
3546
2376
1622
798
3923
606
1745
2358
4614
3529
2499
137
4534
3286
1403
4383
1846
1337
1161
512
4443
4490
1335
4432
3772
2304
4953
3826
737
1569
2718
1187
1804
2559
2835
1650
899
3020
229
908
2487
1592
812
477
2424
4335
1905
1127
3751
3429
307
3890
2261
24
589
2786
4835
2146
1816
318
4455
2193
3218
311
3305
1207
4691
803
2201
4492
4563
4334
3142
442
1038
2523
2883
4187
3909
4020
3437
1234
2963
3421
2848
4597
1474
400
3717
2682
3703
527
4560
1634
1226
2200
1101
1287
431
4756
1157
353
565
1135
1121
3344
2541
745
1577
1106
1552
1600
130
1395
1145
310
3190
3996
3954
4543
4728
3575
4626
1892
413
1183
2280
206
2609
884
3287
1425
4305
2893
532
1212
1385
166
4834
4797
3670
967
1515
1117
2884
2732
4439
85
561
1684
3414
376
270
3763
4045
4297
4048
3684
4194
4623
3690
319
3771
2580
1277
1539
3590
2740
2492
2728
4370
1331
1368
3273
4943
2115
1115
4088
3041
2439
4541
336
3169
1481
2887
2656
397
3772
4495
4260
264
1773
1782
1159
2783
4410
2017
3721
4237
1236
4251
2717
3441
967
3365
1196
2076
3791
4780
4587
1124
3412
1084
3441
1253
259
4157
1074
4270
383
3870
3285
1588
1983
2690
2711
2802
4243
153
4868
2397
1790
3510
2638
3704
1345
4155
532
3416
4603
2564
3215
1169
1403
2208
2935
326
3010
2134
851
3556
1342
4407
397
4020
2328
423
934
3549
2722
2135
3622
872
1016
2071
4531
1577
4718
426
2584
2845
1696
732
1801
3992
874
3326
4247
4565
2848
4318
28
2891
29
63
1894
1488
3333
2538
2598
2894
414
2632
2683
3953
1055
817
2972
105
2191
3748
2826
2018
4137
4610
1401
2162
3453
1709
832
452
208
1935
2473
2078
3752
3040
1678
907
3242
4434
2706
174
151
1856
4028
3980
1619
1965
2712
504
1323
4661
4118
2169
1167
4767
3923
1162
2730
2647
2161
794
3773
4700
1021
3019
4070
3056
2270
210
383
172
1705
367
4438
1085
3569
2994
3947
4480
4013
711
2722
1249
1211
3689
3494
917
2210
3083
1140
1896
1055
3318
2729
1145
1340
1273
2282
838
4778
251
4316
3209
4088
806
2589
1966
729
2244
326
2534
946
1342
2730
1229
2860
3530
4378
4911
2660
639
4955
3426
3063
3565
4729
2886
2638
3491
4671
3818
840
4238
3635
4226
4715
4121
4763
902
1064
4349
2804
4644
2047
407
4582
2429
4525
4703
1417
4308
3326
1232
3920
3562
206
4162
861
2280
1062
1691
3612
883
3305
2457
4456
1221
2015
1534
3788
1289
4139
1732
1809
3296
4355
2172
1784
727
4243
4819
3386
2331
862
181
3223
1098
4741
2124
4185
642
4413
1858
273
1026
685
727
110
4872
1541
976
3581
2871
762
4190
4309
3969
3260
4776
123
3228
2296
4033
4960
3287
4818
2453
4148
1248
1089
3276
1846
4866
710
1238
597
103
495
4766
2165
707
1585
1000
1237
909
527
1747
1717
186
1924
3937
2247
4289
2462
4221
635
3577
849
4583
2305
1291
1748
1883
731
3894
4811
861
294
1859
3007
622
76
2955
3049
3225
4376
3355
865
2175
1605
369
2975
3341
4203
1125
4977
2835
3881
702
765
2318
2999
3610
4159
2139
4346
4355
114
3928
3715
3482
4698
4696
2202
1878
3288
3647
1168
3623
4317
3927
1181
3404
4564
4607
4473
3500
2897
500
3620
1399
2144
3251
4205
4202
1444
3276
961
1991
3355
3222
490
4647
1002
2705
3392
2739
243
2978
2206
4939
4977
2857
4865
4081
3786
3202
1320
2150
638
763
831
3844
2836
3595
599
3729
3295
420
4435
1266
3441
1119
1590
2891
730
2047
4716
3029
2779
4631
1226
4303
165
1580
1818
2838
4942
3344
2318
1284
3076
236
4502
1903
3615
99
4969
3183
4518
2071
944
3605
3801
352
1587
84
3780
3896
1454
759
1561
3778
4876
3032
162
3877
3965
3929
3048
2522
117
3964
2778
4235
3272
753
2251
1237
410
4912
4931
1068
3156
1272
1840
4743
4184
3906
4910
43
1412
1205
385
4922
450
621
259
2735
2637
1942
537
3331
3278
28
4144
2807
1063
224
4753
1535
3562
3137
4587
509
3341
3787
3718
4652
210
4042
285
2064
1715
895
357
4436
3527
1781
2863
3653
515
1700
3205
1382
3249
450
1823
308
1970
1819
4267
1133
3962
1793
3928
1897
452
2383
3990
1641
151
4171
2270
1689
2245
4360
2453
3893
830
3202
3632
327
4315
2922
3968
2421
782
4829
2532
3695
4516
524
2311
4846
3914
3482
1264
2160
3458
2266
105
3675
668
1990
3242
623
2919
2774
601
3304
678
2338
4320
2854
778
2443
2826
484
1817
2681
2961
446
1942
2391
4690
1259
4043
4760
3729
1293
4828
4864
3192
1992
1452
2724
3184
2014
54
2328
1505
2609
3232
3615
47
4195
642
136
4903
1175
97
2270
2277
2330
2819
3648
3098
2302
2422
3252
1124
3093
4703
2018
310
4643
2184
2696
4406
2017
2257
2962
222
1044
4273
3829
2760
996
109
494
4519
654
1964
1136
2012
2872
3426
379
3240
2621
1275
583
1680
2865
1472
1589
460
416
4290
1018
4891
903
4431
654
4837
3220
1809
3317
1832
1462
3575
1708
4897
3242
3327
3777
1333
3056
2357
1394
2153
1721
4869
1310
1102
4688
3931
2233
746
2406
3022
4165
28
2673
2707
2212
3577
2148
4606
1648
4860
309
2596
896
2622
4760
2437
1858
3368
2331
318
1691
3501
4881
4407
4468
451
3186
3623
1746
3676
2911
3040
3771
2657
2742
31
587
172
3077
573
4836
1283
3947
3319
3183
4174
2968
1737
3205
4863
397
2706
1241
4416
2641
579
807
327
4709
3445
2897
2711
4140
3399
3743
3885
748
2800
1542
3297
1855
1072
1245
3807
1247
783
2204
1459
2646
4509
4984
258
118
3438
1887
66
2564
4769
2334
1066
865
4084
2594
752
4915
3938
3313
1751
2144
1361
4644
4233
948
4858
42
532
4059
4529
4761
2057
796
103
3195
986
739
1802
728
4508
2765
682
2409
2709
1858
3513
3210
279
2136
960
3847
4305
4841
3276
2281
2096
3112
562
1860
1300
377
1972
985
3651
4154
4556
3037
2864
4310
458
1747
1237
1161
3598
1205
3403
1247
1816
2753
1601
3258
4690
3060
4840
531
4967
811
1292
4050
2174
750
2646
371
1510
3462
4719
687
689
2644
3679
1590
4054
2578
4648
3674
2971
2493
4202
4819
2077
646
1229
4242
4679
3400
1409
663
620
873
1353
4879
2530
3059
4613
666
228
1563
3111
4652
287
1378
1864
3008
618
1837
2659
3791
1215
3537
4877
4372
1026
2123
3344
4302
2249
4533
3638
3120
393
37
229
2572
3025
4451
1110
1048
2501
1594
308
