Selection Sort
0
0
1
1
2
4
4
5
6
7
7
9
9
9
10
12
13
16
16
16
19
20
21
23
23
24
25
25
27
28
28
28
28
29
30
31
31
32
35
36
40
41
45
45
46
47
50
52
52
54
55
55
58
58
58
60
60
62
62
63
63
64
66
66
66
67
68
70
72
73
73
74
76
76
76
77
77
79
79
79
80
80
80
81
82
82
83
83
84
84
84
85
87
87
88
89
89
90
91
94
94
94
94
96
97
100
101
105
107
108
109
111
111
114
115
115
116
117
117
117
118
119
119
120
120
121
121
123
123
123
125
125
127
127
130
130
130
132
133
134
134
135
135
136
136
136
137
138
140
142
142
144
144
145
145
146
147
148
150
150
151
152
152
154
156
156
160
161
161
162
162
162
163
163
166
168
169
169
170
170
171
171
173
175
177
177
178
179
183
183
184
184
185
192
193
193
193
193
193
194
194
195
195
196
196
199
200
202
202
202
203
203
203
205
207
208
208
210
210
212
213
213
213
214
215
216
217
218
219
220
221
221
225
227
227
228
229
229
230
233
235
235
235
236
236
237
238
239
241
242
242
244
245
246
248
249
250
250
253
253
253
253
253
254
256
257
257
258
259
260
261
261
262
262
263
263
264
265
269
270
272
275
275
275
277
277
277
278
278
278
279
280
281
283
284
285
287
287
288
289
290
291
292
293
294
295
295
301
301
303
304
305
306
306
308
311
312
315
315
317
317
318
319
320
321
323
324
324
324
324
325
325
326
326
327
327
328
329
329
329
330
331
333
336
336
336
337
338
340
340
340
343
343
345
346
347
347
348
349
352
354
354
359
359
359
361
362
363
365
365
365
366
368
369
370
370
371
372
373
374
377
379
380
380
381
381
381
382
382
385
385
386
386
387
387
390
390
390
391
391
392
393
394
395
395
396
396
397
397
397
398
399
400
403
405
407
409
409
410
411
412
414
414
417
417
419
419
419
420
421
422
423
425
426
427
428
428
428
430
430
431
432
432
432
432
433
433
433
433
434
435
437
438
439
439
439
439
439
440
441
445
445
445
447
447
448
450
452
453
453
454
454
457
458
459
463
463
464
466
466
467
467
468
468
469
471
475
476
477
481
481
481
481
482
485
485
487
487
488
490
493
495
496
496
496
496
497
498
499
501
502
503
503
503
504
504
505
505
509
510
512
512
512
515
516
516
519
520
520
522
522
523
523
523
525
527
528
529
530
530
532
533
533
534
534
535
535
536
536
536
536
537
538
541
541
542
542
543
544
545
546
546
548
548
548
548
549
549
550
550
550
551
551
552
556
558
560
562
563
563
565
565
566
568
568
571
571
574
574
574
575
576
576
578
582
582
583
583
584
585
585
585
586
586
587
587
589
590
591
591
592
595
597
597
598
602
603
604
605
605
605
606
609
610
611
611
613
613
615
616
617
619
620
621
621
623
625
626
627
629
629
630
631
632
632
635
635
636
636
638
639
640
640
640
641
642
642
645
646
647
647
649
649
650
654
654
656
657
659
662
664
665
668
669
669
669
670
670
670
672
677
678
678
680
681
682
682
682
684
685
687
688
689
690
691
691
693
694
697
697
698
699
700
700
700
700
700
701
702
704
706
710
712
713
713
715
717
718
719
720
722
722
723
724
724
726
728
728
728
730
730
732
732
732
732
732
733
733
734
735
736
739
740
741
741
742
743
744
745
746
746
747
748
751
751
752
754
754
758
759
759
759
760
761
762
762
766
766
767
768
771
771
772
772
772
773
774
776
778
778
780
781
782
784
785
786
786
786
787
787
787
787
788
789
789
790
790
790
791
791
792
793
793
793
794
795
795
795
795
796
797
801
803
806
806
807
809
809
809
810
811
813
813
814
814
815
815
816
816
818
818
819
820
821
822
822
825
825
825
826
826
826
827
827
827
831
833
834
837
837
839
840
844
844
847
848
848
852
853
854
855
855
856
856
856
856
857
858
859
859
860
863
864
864
866
866
866
868
869
869
870
874
874
875
875
875
875
877
878
878
878
879
880
881
882
884
884
885
885
885
887
888
889
889
889
890
890
890
891
892
892
893
894
894
894
895
896
897
898
899
901
901
901
902
904
906
907
907
909
909
913
916
916
917
917
919
922
923
924
925
925
927
929
930
930
931
931
936
937
937
938
938
939
939
940
941
941
942
944
944
947
948
949
952
952
953
953
957
959
959
963
965
965
965
968
968
970
972
972
972
973
976
978
978
978
979
980
980
981
981
982
984
985
986
987
990
990
990
991
992
992
993
993
994
994
996
999
1000
1000
1001
1001
1002
1002
1002
1003
1003
1005
1005
1009
1010
1010
1012
1013
1013
1014
1016
1016
1018
1019
1020
1021
1021
1022
1022
1022
1024
1027
1029
1029
1032
1034
1034
1035
1035
1035
1037
1038
1039
1039
1039
1040
1040
1040
1040
1041
1043
1044
1047
1047
1050
1050
1050
1051
1051
1053
1054
1054
1055
1056
1056
1057
1057
1058
1059
1059
1059
1061
1061
1061
1061
1062
1063
1063
1064
1065
1067
1068
1069
1070
1071
1073
1074
1075
1075
1075
1075
1078
1080
1088
1090
1090
1095
1095
1095
1095
1095
1096
1096
1096
1098
1098
1100
1101
1102
1103
1105
1105
1106
1107
1107
1109
1109
1109
1109
1110
1111
1111
1112
1113
1114
1114
1115
1123
1124
1124
1125
1125
1127
1130
1130
1132
1133
1134
1136
1136
1137
1138
1138
1138
1139
1140
1140
1142
1143
1144
1144
1145
1146
1146
1149
1150
1152
1155
1155
1156
1157
1157
1161
1162
1162
1163
1163
1165
1165
1166
1166
1167
1168
1168
1169
1170
1170
1171
1171
1173
1174
1176
1177
1177
1178
1178
1179
1180
1180
1181
1182
1183
1183
1183
1184
1185
1185
1187
1194
1194
1196
1198
1200
1200
1200
1202
1202
1203
1203
1203
1203
1205
1205
1205
1206
1207
1208
1209
1209
1211
1215
1215
1217
1217
1217
1218
1219
1219
1221
1221
1222
1224
1224
1224
1225
1228
1228
1229
1230
1231
1233
1235
1235
1237
1238
1239
1242
1243
1243
1244
1245
1246
1246
1246
1247
1248
1249
1250
1250
1250
1252
1254
1255
1258
1261
1264
1265
1266
1266
1266
1267
1271
1272
1274
1275
1275
1276
1276
1277
1278
1279
1279
1280
1282
1283
1283
1284
1284
1285
1286
1286
1287
1288
1288
1288
1289
1289
1291
1292
1292
1293
1294
1296
1296
1296
1297
1299
1299
1300
1301
1302
1302
1303
1305
1306
1307
1309
1315
1315
1316
1317
1318
1320
1324
1324
1326
1328
1329
1329
1329
1330
1331
1333
1333
1334
1334
1335
1335
1337
1338
1338
1339
1339
1340
1340
1340
1340
1341
1341
1341
1341
1342
1343
1346
1347
1347
1348
1349
1349
1349
1352
1352
1352
1352
1355
1355
1356
1358
1360
1362
1362
1363
1363
1366
1370
1371
1371
1372
1373
1376
1376
1376
1376
1377
1378
1380
1380
1381
1381
1383
1384
1387
1389
1391
1391
1392
1393
1393
1394
1396
1397
1398
1399
1399
1400
1401
1401
1404
1404
1404
1404
1406
1406
1407
1407
1408
1409
1409
1412
1413
1413
1413
1414
1415
1416
1416
1418
1420
1420
1423
1424
1424
1424
1425
1425
1425
1428
1430
1431
1431
1431
1431
1432
1432
1435
1438
1438
1438
1439
1440
1441
1442
1443
1443
1445
1445
1447
1449
1450
1453
1454
1456
1458
1460
1461
1462
1465
1467
1467
1467
1469
1470
1471
1472
1475
1477
1479
1479
1479
1482
1483
1483
1483
1484
1485
1486
1486
1486
1486
1487
1488
1488
1488
1489
1490
1492
1492
1493
1496
1497
1497
1498
1498
1498
1499
1501
1502
1502
1503
1504
1505
1506
1508
1509
1509
1509
1510
1512
1512
1515
1516
1519
1520
1520
1521
1522
1523
1523
1524
1524
1526
1527
1527
1530
1530
1531
1531
1533
1533
1533
1534
1534
1535
1535
1536
1536
1538
1538
1540
1540
1541
1541
1541
1541
1542
1543
1544
1546
1547
1547
1547
1549
1550
1551
1553
1554
1554
1556
1556
1557
1559
1562
1563
1563
1563
1565
1566
1566
1567
1568
1568
1570
1571
1571
1573
1574
1578
1578
1578
1579
1581
1582
1583
1585
1585
1587
1587
1587
1588
1588
1589
1592
1592
1593
1595
1597
1597
1598
1598
1601
1603
1603
1603
1606
1608
1608
1609
1609
1612
1612
1612
1613
1614
1614
1614
1615
1615
1616
1616
1616
1617
1619
1619
1619
1619
1622
1623
1623
1626
1626
1627
1627
1628
1630
1631
1631
1631
1633
1634
1634
1635
1635
1638
1645
1648
1650
1651
1657
1658
1658
1658
1662
1664
1666
1669
1670
1670
1671
1673
1674
1675
1675
1676
1676
1676
1676
1680
1680
1685
1685
1686
1687
1687
1687
1689
1689
1691
1692
1694
1694
1695
1695
1696
1697
1697
1697
1697
1697
1697
1698
1698
1698
1699
1700
1700
1700
1703
1703
1705
1707
1709
1709
1710
1710
1711
1711
1711
1711
1712
1714
1716
1717
1717
1719
1719
1720
1720
1721
1723
1723
1724
1724
1725
1726
1726
1727
1728
1729
1729
1730
1731
1732
1736
1737
1741
1742
1743
1745
1747
1747
1747
1750
1752
1752
1752
1752
1754
1754
1756
1758
1758
1758
1759
1759
1759
1760
1760
1761
1762
1764
1768
1769
1769
1769
1769
1770
1770
1771
1772
1772
1774
1775
1775
1777
1780
1780
1780
1781
1781
1782
1782
1782
1783
1783
1784
1786
1786
1786
1786
1786
1787
1789
1791
1794
1795
1798
1798
1799
1799
1801
1801
1807
1808
1809
1810
1811
1812
1812
1814
1815
1815
1815
1816
1816
1817
1818
1820
1820
1822
1826
1826
1828
1829
1829
1831
1832
1832
1833
1833
1834
1835
1836
1837
1839
1840
1840
1844
1844
1845
1846
1848
1848
1850
1850
1850
1852
1852
1854
1854
1855
1855
1857
1857
1857
1858
1859
1860
1862
1864
1865
1866
1867
1868
1869
1871
1871
1871
1871
1873
1875
1876
1877
1879
1879
1879
1880
1880
1881
1882
1882
1884
1884
1884
1885
1886
1887
1887
1888
1889
1889
1890
1892
1897
1897
1901
1901
1901
1904
1905
1906
1908
1909
1909
1910
1911
1911
1912
1913
1913
1914
1914
1914
1915
1916
1917
1917
1918
1919
1920
1921
1921
1921
1921
1922
1922
1922
1923
1925
1926
1926
1927
1928
1929
1930
1931
1932
1933
1933
1935
1936
1938
1938
1939
1940
1941
1941
1942
1943
1944
1945
1945
1945
1946
1948
1948
1948
1949
1950
1950
1953
1954
1954
1955
1956
1957
1957
1957
1957
1958
1958
1962
1963
1963
1965
1966
1972
1973
1975
1975
1976
1978
1979
1980
1981
1982
1982
1984
1984
1985
1986
1989
1991
1991
1991
1992
1992
1993
1993
1994
1995
1995
1995
1996
1997
1997
1997
2000
2001
2001
2003
2003
2003
2004
2004
2004
2005
2005
2006
2007
2007
2008
2009
2011
2012
2014
2015
2016
2016
2016
2017
2017
2018
2020
2020
2022
2022
2022
2022
2023
2023
2024
2028
2030
2031
2031
2032
2032
2032
2033
2034
2034
2039
2042
2042
2043
2044
2046
2048
2049
2049
2052
2052
2053
2053
2054
2054
2055
2060
2060
2061
2062
2062
2063
2064
2064
2064
2066
2066
2066
2067
2067
2069
2070
2071
2073
2073
2075
2078
2081
2081
2083
2084
2085
2090
2090
2091
2091
2092
2092
2093
2095
2095
2096
2097
2097
2097
2097
2098
2099
2100
2100
2102
2103
2104
2107
2107
2108
2108
2109
2111
2111
2112
2113
2113
2115
2115
2117
2118
2118
2119
2119
2121
2122
2122
2122
2122
2123
2123
2124
2124
2125
2127
2127
2129
2129
2129
2130
2131
2131
2136
2136
2136
2137
2137
2138
2140
2142
2142
2144
2145
2145
2145
2146
2148
2149
2153
2155
2155
2156
2156
2157
2159
2159
2162
2163
2163
2169
2169
2170
2171
2171
2171
2172
2173
2175
2175
2176
2179
2180
2180
2180
2181
2184
2184
2185
2185
2187
2187
2187
2189
2189
2192
2192
2192
2193
2193
2195
2197
2198
2198
2200
2201
2202
2203
2203
2203
2204
2204
2204
2205
2206
2206
2208
2208
2208
2209
2209
2209
2209
2211
2211
2212
2213
2214
2215
2215
2217
2218
2218
2219
2220
2221
2221
2222
2222
2226
2227
2228
2228
2229
2230
2231
2231
2231
2234
2234
2236
2239
2240
2240
2242
2243
2245
2245
2245
2246
2247
2248
2249
2250
2251
2252
2254
2257
2257
2257
2258
2259
2262
2265
2268
2269
2270
2270
2272
2281
2281
2284
2285
2285
2286
2286
2288
2289
2289
2289
2290
2290
2290
2292
2292
2292
2293
2295
2295
2296
2297
2298
2299
2301
2303
2305
2305
2305
2306
2309
2310
2312
2315
2316
2316
2317
2317
2317
2319
2320
2321
2321
2321
2321
2324
2325
2326
2327
2327
2328
2330
2331
2332
2332
2333
2333
2333
2335
2335
2336
2336
2336
2336
2337
2341
2342
2343
2344
2344
2346
2348
2348
2348
2348
2349
2351
2354
2355
2355
2356
2356
2356
2359
2360
2360
2360
2360
2360
2362
2364
2364
2366
2367
2367
2370
2372
2373
2374
2376
2377
2377
2377
2378
2378
2379
2379
2381
2382
2382
2383
2383
2384
2384
2386
2389
2390
2390
2391
2392
2393
2394
2395
2399
2400
2402
2403
2403
2404
2404
2404
2404
2406
2407
2407
2408
2409
2410
2410
2411
2411
2411
2412
2413
2413
2413
2413
2414
2416
2416
2417
2418
2418
2418
2419
2419
2420
2420
2420
2422
2422
2423
2424
2429
2430
2433
2433
2434
2434
2436
2439
2439
2441
2441
2442
2443
2444
2444
2444
2446
2446
2446
2446
2447
2455
2456
2456
2457
2457
2458
2458
2460
2460
2460
2460
2461
2462
2462
2462
2464
2464
2467
2467
2468
2469
2470
2471
2472
2473
2474
2474
2475
2476
2477
2478
2479
2479
2480
2481
2481
2481
2483
2483
2483
2485
2485
2486
2486
2488
2489
2490
2496
2496
2499
2499
2499
2500
2501
2502
2503
2503
2503
2504
2505
2505
2506
2506
2507
2508
2509
2510
2510
2512
2513
2514
2520
2520
2521
2522
2522
2524
2524
2524
2525
2525
2526
2527
2527
2528
2528
2530
2530
2534
2535
2537
2537
2538
2539
2541
2541
2542
2543
2543
2544
2546
2546
2546
2547
2548
2548
2549
2550
2551
2552
2555
2555
2556
2557
2559
2559
2560
2560
2561
2561
2563
2565
2565
2566
2566
2566
2567
2567
2569
2570
2572
2572
2577
2578
2580
2580
2581
2581
2582
2584
2585
2587
2587
2589
2589
2590
2592
2593
2594
2594
2595
2596
2596
2597
2602
2603
2604
2605
2605
2605
2606
2606
2606
2607
2609
2609
2612
2612
2613
2613
2613
2614
2617
2618
2620
2620
2623
2624
2625
2625
2625
2627
2628
2629
2629
2629
2629
2629
2630
2630
2631
2632
2633
2635
2635
2636
2636
2637
2638
2639
2641
2641
2642
2643
2645
2645
2649
2650
2655
2655
2655
2655
2656
2658
2660
2661
2661
2662
2662
2664
2664
2665
2668
2669
2671
2672
2672
2674
2674
2678
2680
2681
2683
2683
2683
2685
2688
2688
2689
2689
2692
2692
2693
2693
2693
2694
2698
2701
2701
2702
2705
2706
2706
2706
2706
2709
2712
2714
2717
2718
2718
2719
2720
2720
2721
2721
2721
2722
2722
2722
2722
2725
2727
2729
2730
2734
2736
2736
2738
2738
2739
2740
2741
2741
2742
2743
2743
2744
2746
2746
2747
2748
2748
2748
2749
2750
2750
2752
2752
2752
2753
2754
2754
2755
2756
2757
2758
2758
2759
2760
2760
2761
2761
2761
2762
2763
2763
2765
2765
2765
2766
2767
2767
2767
2767
2767
2768
2770
2771
2775
2777
2778
2778
2782
2783
2784
2784
2786
2786
2786
2786
2787
2788
2788
2788
2789
2790
2791
2793
2793
2796
2797
2798
2799
2800
2802
2803
2803
2804
2805
2805
2806
2807
2808
2809
2809
2809
2810
2810
2811
2812
2813
2813
2814
2814
2814
2818
2819
2821
2822
2823
2823
2824
2824
2825
2825
2826
2826
2827
2828
2828
2828
2828
2828
2829
2830
2830
2831
2833
2834
2835
2836
2838
2838
2838
2839
2840
2842
2842
2842
2843
2843
2845
2848
2849
2849
2849
2849
2850
2850
2853
2856
2857
2858
2858
2861
2862
2863
2863
2864
2866
2869
2872
2874
2874
2878
2879
2880
2881
2883
2883
2883
2886
2887
2888
2888
2889
2889
2889
2890
2890
2892
2892
2893
2896
2898
2898
2900
2900
2902
2903
2905
2906
2907
2908
2912
2912
2912
2912
2913
2914
2914
2915
2915
2915
2916
2916
2916
2918
2919
2920
2920
2921
2922
2922
2922
2923
2925
2927
2927
2931
2933
2934
2937
2938
2940
2940
2942
2942
2945
2946
2947
2949
2950
2950
2952
2955
2956
2956
2958
2959
2959
2960
2961
2963
2965
2965
2965
2966
2966
2967
2967
2967
2968
2969
2969
2970
2971
2974
2974
2975
2978
2978
2978
2979
2979
2979
2979
2980
2980
2980
2981
2982
2983
2983
2984
2984
2984
2985
2986
2986
2987
2989
2990
2992
2992
2992
2995
2996
2998
2998
3000
3000
3003
3004
3004
3006
3007
3008
3009
3010
3010
3011
3012
3013
3014
3014
3014
3014
3014
3016
3016
3017
3017
3019
3019
3019
3019
3020
3020
3023
3024
3024
3025
3027
3027
3028
3028
3029
3032
3034
3034
3035
3036
3037
3037
3038
3040
3041
3044
3045
3046
3047
3048
3051
3051
3053
3053
3054
3054
3055
3057
3057
3057
3058
3061
3062
3064
3064
3065
3067
3068
3069
3069
3069
3070
3071
3076
3078
3079
3079
3080
3080
3082
3082
3082
3083
3083
3086
3087
3087
3087
3090
3090
3094
3095
3095
3096
3097
3097
3099
3100
3101
3101
3102
3103
3104
3105
3109
3109
3110
3110
3110
3111
3112
3116
3118
3119
3119
3122
3122
3123
3124
3125
3127
3128
3129
3129
3131
3133
3134
3136
3136
3137
3138
3139
3139
3140
3140
3141
3144
3144
3144
3147
3147
3148
3149
3149
3150
3151
3151
3152
3153
3153
3156
3160
3160
3160
3162
3162
3163
3164
3166
3166
3167
3168
3170
3170
3171
3171
3172
3172
3174
3174
3175
3176
3177
3177
3177
3179
3181
3185
3186
3186
3187
3187
3188
3188
3191
3191
3192
3192
3195
3196
3196
3196
3198
3198
3199
3199
3200
3201
3201
3201
3201
3203
3203
3203
3203
3204
3205
3207
3208
3209
3210
3211
3211
3211
3213
3214
3219
3220
3221
3221
3221
3222
3223
3223
3224
3224
3225
3226
3227
3227
3230
3232
3234
3235
3235
3235
3236
3236
3238
3238
3238
3239
3240
3241
3243
3245
3246
3247
3247
3248
3249
3249
3249
3249
3250
3252
3253
3253
3255
3256
3256
3257
3259
3261
3262
3263
3265
3266
3268
3269
3269
3269
3272
3272
3274
3274
3275
3276
3276
3279
3280
3280
3281
3282
3283
3285
3285
3285
3286
3287
3287
3288
3290
3290
3293
3293
3298
3299
3300
3302
3303
3303
3304
3305
3305
3306
3313
3314
3315
3317
3317
3318
3318
3318
3319
3319
3320
3320
3320
3324
3324
3325
3328
3329
3331
3332
3334
3334
3334
3335
3336
3339
3339
3339
3340
3341
3341
3342
3343
3343
3344
3344
3344
3345
3346
3346
3346
3347
3347
3347
3349
3350
3350
3351
3353
3353
3353
3354
3355
3356
3356
3357
3357
3359
3359
3361
3362
3363
3364
3364
3364
3365
3366
3366
3366
3367
3370
3372
3374
3375
3382
3383
3384
3384
3385
3385
3386
3387
3388
3388
3388
3389
3390
3390
3391
3392
3393
3394
3394
3395
3397
3397
3400
3401
3401
3402
3402
3405
3405
3406
3408
3408
3409
3410
3410
3412
3412
3413
3414
3417
3419
3419
3420
3421
3423
3423
3426
3431
3433
3433
3434
3434
3434
3437
3437
3439
3440
3442
3444
3445
3445
3447
3447
3448
3449
3451
3451
3451
3456
3457
3457
3458
3460
3461
3461
3465
3469
3470
3472
3472
3473
3473
3473
3475
3475
3475
3476
3477
3477
3480
3483
3484
3484
3489
3490
3492
3493
3494
3494
3495
3496
3497
3497
3497
3498
3498
3499
3502
3506
3506
3506
3507
3509
3511
3512
3514
3516
3516
3517
3518
3518
3518
3519
3519
3520
3522
3522
3523
3524
3524
3525
3525
3525
3526
3527
3528
3528
3528
3529
3530
3531
3532
3534
3534
3535
3536
3537
3537
3538
3538
3538
3538
3540
3543
3543
3544
3549
3550
3551
3551
3551
3553
3554
3555
3556
3556
3559
3559
3560
3560
3560
3561
3561
3562
3563
3564
3565
3565
3566
3567
3568
3568
3568
3568
3568
3568
3568
3569
3570
3570
3572
3573
3574
3575
3576
3577
3578
3578
3579
3579
3580
3581
3581
3583
3584
3586
3586
3587
3588
3591
3595
3596
3598
3600
3601
3603
3603
3605
3606
3606
3609
3612
3612
3613
3615
3616
3618
3619
3620
3622
3622
3624
3624
3624
3625
3628
3629
3630
3630
3632
3636
3638
3638
3639
3639
3639
3643
3644
3644
3645
3647
3652
3654
3654
3654
3654
3656
3657
3662
3662
3662
3664
3665
3665
3666
3666
3668
3669
3669
3670
3673
3673
3673
3675
3676
3677
3678
3679
3679
3679
3681
3682
3682
3682
3683
3685
3686
3688
3688
3688
3688
3689
3691
3691
3692
3693
3693
3694
3694
3695
3695
3696
3696
3697
3698
3698
3698
3699
3700
3701
3702
3703
3704
3704
3704
3705
3705
3707
3708
3711
3711
3713
3713
3714
3714
3717
3718
3723
3724
3726
3726
3727
3727
3727
3728
3730
3730
3732
3732
3733
3733
3733
3734
3735
3735
3736
3737
3737
3737
3739
3739
3740
3742
3743
3744
3745
3748
3748
3748
3750
3753
3754
3755
3756
3757
3757
3758
3758
3759
3761
3763
3766
3766
3766
3768
3770
3772
3772
3775
3776
3778
3778
3779
3781
3781
3784
3785
3785
3785
3787
3787
3788
3789
3791
3791
3793
3795
3795
3795
3796
3797
3798
3798
3799
3800
3801
3801
3803
3803
3803
3804
3804
3805
3808
3809
3810
3810
3811
3812
3813
3813
3814
3815
3816
3816
3817
3817
3818
3819
3821
3822
3822
3823
3823
3825
3828
3828
3828
3829
3832
3832
3832
3832
3833
3835
3835
3835
3836
3837
3838
3840
3840
3840
3841
3842
3846
3848
3848
3849
3850
3852
3853
3858
3858
3858
3859
3860
3862
3865
3865
3866
3867
3867
3868
3869
3870
3871
3871
3872
3872
3873
3875
3875
3876
3877
3878
3878
3879
3880
3881
3882
3884
3885
3886
3887
3888
3892
3892
3893
3893
3894
3895
3895
3897
3897
3897
3897
3897
3898
3898
3899
3901
3902
3903
3905
3906
3906
3907
3909
3909
3909
3909
3910
3910
3911
3912
3913
3914
3915
3918
3920
3922
3924
3928
3930
3930
3932
3933
3933
3934
3935
3936
3937
3938
3940
3941
3942
3943
3944
3944
3945
3945
3946
3948
3948
3949
3952
3953
3957
3959
3960
3961
3961
3961
3965
3968
3968
3968
3969
3970
3970
3971
3971
3972
3972
3973
3973
3973
3974
3975
3975
3975
3976
3976
3979
3979
3981
3981
3981
3983
3983
3986
3986
3987
3988
3989
3990
3991
3992
3993
3993
3993
3993
3994
3994
3995
3996
3996
3996
3997
3997
3997
3997
3999
4002
4002
4003
4004
4005
4005
4006
4006
4007
4010
4012
4012
4015
4018
4019
4019
4019
4020
4020
4020
4021
4023
4027
4027
4028
4030
4035
4036
4037
4037
4037
4041
4042
4042
4044
4045
4047
4052
4052
4053
4053
4054
4055
4058
4061
4062
4062
4063
4065
4065
4065
4066
4066
4067
4067
4068
4070
4070
4071
4071
4072
4076
4082
4082
4087
4090
4091
4091
4092
4092
4093
4096
4097
4099
4100
4100
4100
4101
4101
4102
4102
4102
4103
4104
4105
4106
4106
4109
4110
4110
4111
4111
4111
4112
4112
4113
4113
4113
4114
4114
4115
4116
4116
4116
4116
4117
4117
4117
4117
4118
4119
4122
4122
4123
4124
4125
4125
4127
4128
4129
4129
4130
4131
4132
4136
4139
4139
4140
4142
4143
4144
4145
4145
4145
4146
4147
4147
4148
4149
4151
4153
4154
4157
4157
4159
4160
4162
4164
4165
4165
4166
4167
4169
4170
4170
4171
4172
4172
4173
4184
4185
4186
4188
4193
4193
4194
4194
4194
4195
4195
4197
4197
4198
4198
4199
4200
4202
4204
4204
4205
4206
4206
4206
4207
4207
4208
4208
4209
4209
4210
4210
4213
4213
4216
4219
4220
4222
4223
4223
4226
4227
4227
4228
4230
4231
4231
4231
4231
4232
4232
4232
4234
4235
4235
4236
4238
4238
4239
4239
4241
4241
4242
4244
4244
4245
4245
4246
4246
4246
4247
4247
4247
4247
4248
4249
4249
4250
4250
4251
4253
4257
4258
4258
4260
4260
4261
4262
4263
4263
4264
4265
4267
4268
4269
4269
4270
4271
4271
4271
4272
4276
4276
4276
4278
4278
4278
4279
4281
4281
4282
4283
4284
4285
4286
4286
4287
4287
4288
4288
4289
4290
4290
4290
4295
4297
4298
4299
4301
4302
4302
4304
4304
4305
4306
4306
4306
4309
4309
4310
4311
4313
4313
4313
4315
4316
4318
4318
4318
4321
4323
4324
4327
4328
4330
4331
4331
4332
4338
4339
4340
4341
4345
4347
4347
4352
4353
4353
4354
4355
4355
4355
4355
4356
4356
4356
4358
4358
4358
4362
4362
4362
4367
4368
4371
4371
4373
4373
4374
4374
4374
4374
4374
4375
4376
4377
4377
4378
4379
4379
4379
4380
4380
4381
4381
4382
4383
4383
4384
4384
4385
4386
4387
4387
4387
4388
4389
4391
4392
4393
4393
4394
4396
4397
4398
4402
4402
4405
4406
4406
4406
4409
4409
4410
4411
4412
4413
4413
4414
4414
4415
4415
4415
4418
4419
4419
4420
4420
4422
4424
4425
4426
4427
4431
4431
4432
4432
4433
4433
4433
4434
4436
4437
4442
4443
4443
4444
4446
4447
4448
4449
4450
4452
4454
4454
4455
4456
4456
4456
4457
4462
4463
4465
4465
4466
4467
4468
4469
4470
4470
4471
4471
4471
4472
4472
4473
4474
4476
4479
4480
4481
4481
4483
4483
4485
4485
4485
4485
4489
4489
4490
4492
4492
4493
4496
4498
4500
4501
4504
4504
4504
4504
4508
4510
4510
4510
4511
4511
4511
4512
4513
4513
4515
4518
4519
4520
4521
4522
4522
4524
4527
4527
4527
4528
4529
4529
4532
4532
4532
4533
4535
4539
4539
4541
4543
4543
4544
4544
4546
4547
4548
4548
4550
4553
4553
4554
4554
4555
4556
4558
4558
4558
4559
4561
4562
4562
4562
4563
4564
4564
4565
4566
4566
4566
4567
4567
4569
4570
4574
4574
4574
4575
4575
4575
4575
4577
4577
4579
4581
4582
4586
4587
4588
4588
4588
4590
4590
4591
4591
4591
4592
4595
4595
4596
4598
4601
4603
4603
4604
4604
4605
4605
4607
4607
4608
4610
4611
4612
4613
4614
4615
4615
4616
4617
4618
4618
4618
4621
4621
4623
4625
4626
4628
4628
4628
4629
4629
4630
4630
4632
4633
4633
4633
4634
4635
4637
4639
4642
4642
4644
4645
4646
4646
4647
4647
4650
4650
4651
4651
4653
4654
4654
4656
4656
4657
4658
4659
4660
4661
4661
4662
4663
4663
4663
4665
4668
4669
4669
4670
4671
4674
4674
4675
4679
4682
4685
4687
4689
4690
4692
4693
4693
4694
4694
4696
4697
4698
4699
4699
4699
4700
4701
4702
4702
4703
4704
4705
4706
4707
4709
4710
4712
4714
4715
4717
4717
4717
4723
4724
4725
4728
4731
4731
4731
4732
4732
4733
4733
4733
4734
4734
4734
4735
4737
4738
4739
4739
4741
4741
4742
4742
4742
4743
4743
4743
4745
4745
4747
4747
4747
4748
4748
4748
4749
4750
4750
4751
4752
4753
4753
4754
4754
4757
4760
4760
4760
4761
4764
4766
4770
4770
4771
4771
4771
4771
4772
4773
4773
4773
4775
4776
4777
4777
4777
4778
4780
4780
4781
4782
4784
4786
4787
4788
4789
4790
4794
4795
4796
4796
4797
4798
4799
4799
4799
4803
4803
4804
4804
4804
4806
4807
4808
4811
4812
4813
4815
4817
4817
4818
4820
4820
4825
4826
4827
4829
4829
4830
4832
4832
4833
4833
4833
4835
4837
4838
4840
4841
4841
4842
4844
4844
4844
4845
4845
4846
4852
4853
4853
4854
4854
4855
4857
4858
4859
4859
4862
4862
4862
4863
4863
4864
4864
4870
4872
4872
4872
4874
4875
4877
4877
4878
4878
4879
4880
4881
4882
4882
4888
4890
4891
4891
4892
4892
4896
4897
4898
4899
4899
4899
4901
4902
4903
4904
4905
4907
4908
4908
4908
4909
4909
4910
4911
4912
4913
4913
4913
4914
4915
4915
4917
4918
4919
4919
4920
4921
4923
4923
4923
4924
4925
4926
4926
4927
4927
4927
4927
4929
4929
4929
4931
4932
4932
4933
4934
4936
4938
4939
4941
4942
4943
4945
4945
4948
4949
4949
4950
4950
4951
4951
4951
4951
4952
4953
4957
4958
4958
4960
4961
4961
4962
4963
4965
4965
4965
4967
4968
4969
4970
4971
4973
4973
4975
4976
4977
4978
4978
4979
4981
4981
4981
4982
4982
4984
4984
4986
4986
4987
4988
4988
4990
4991
4991
4992
4993
4993
4994
4996
4998
4998
4998
4999
5000
5000
5001
5001
5001
5002
5003
5004
5006
5007
5008
5011
5012
5012
5013
5014
5014
5014
5018
5018
5021
5021
5024
5024
5025
5026
5030
5031
5034
5038
5038
5038
5039
5040
5041
5041
5041
5041
5042
5044
5047
5047
5048
5050
5051
5052
5052
5053
5054
5054
5056
5056
5057
5059
5061
5062
5062
5062
5063
5064
5065
5066
5067
5067
5069
5069
5070
5070
5070
5071
5072
5074
5074
5075
5075
5076
5077
5078
5078
5078
5079
5079
5080
5081
5082
5083
5083
5085
5092
5093
5095
5096
5097
5098
5098
5101
5102
5102
5103
5103
5104
5107
5108
5110
5110
5111
5112
5112
5116
5119
5119
5120
5120
5120
5121
5122
5124
5125
5126
5126
5128
5129
5130
5130
5131
5132
5136
5138
5140
5140
5143
5143
5145
5146
5147
5147
5149
5150
5152
5153
5155
5155
5160
5160
5162
5163
5163
5163
5163
5164
5165
5165
5165
5166
5166
5167
5167
5168
5169
5170
5172
5172
5174
5174
5174
5176
5176
5177
5177
5178
5179
5180
5182
5183
5184
5185
5185
5186
5187
5187
5188
5189
5189
5189
5190
5190
5191
5191
5192
5192
5192
5193
5193
5193
5194
5195
5195
5195
5196
5198
5199
5199
5200
5201
5201
5201
5203
5203
5204
5204
5204
5205
5206
5206
5208
5209
5209
5210
5211
5213
5217
5218
5219
5219
5220
5221
5221
5221
5223
5223
5224
5224
5225
5225
5225
5226
5226
5228
5231
5232
5233
5234
5234
5235
5236
5237
5237
5238
5240
5241
5241
5241
5242
5242
5243
5245
5245
5245
5245
5250
5252
5253
5254
5257
5257
5257
5258
5258
5260
5260
5260
5262
5263
5264
5265
5266
5266
5268
5269
5269
5270
5270
5271
5273
5273
5273
5274
5274
5275
5276
5280
5280
5281
5283
5284
5286
5288
5288
5290
5290
5290
5291
5293
5293
5294
5295
5298
5298
5299
5300
5301
5302
5303
5304
5304
5305
5306
5306
5306
5307
5307
5310
5310
5312
5312
5313
5315
5315
5316
5317
5317
5318
5320
5320
5320
5321
5321
5325
5326
5326
5330
5330
5331
5337
5340
5341
5341
5342
5342
5343
5343
5344
5345
5348
5349
5350
5354
5356
5356
5357
5357
5357
5357
5359
5360
5361
5361
5362
5364
5367
5367
5368
5369
5369
5371
5373
5374
5374
5374
5374
5376
5377
5378
5378
5379
5381
5381
5383
5383
5383
5383
5384
5385
5385
5385
5388
5389
5392
5393
5395
5396
5396
5398
5398
5402
5405
5406
5406
5407
5408
5409
5410
5413
5413
5414
5415
5419
5422
5423
5425
5426
5428
5429
5433
5434
5435
5438
5438
5438
5439
5440
5442
5442
5443
5445
5446
5448
5450
5450
5450
5450
5451
5451
5452
5453
5453
5455
5456
5456
5456
5458
5458
5459
5459
5460
5461
5461
5463
5464
5464
5465
5466
5466
5467
5467
5468
5468
5470
5471
5472
5472
5472
5472
5472
5474
5475
5477
5478
5480
5483
5484
5486
5486
5487
5488
5489
5489
5495
5496
5500
5500
5500
5501
5503
5503
5503
5504
5507
5507
5508
5511
5512
5513
5513
5516
5516
5516
5517
5518
5520
5521
5522
5523
5523
5525
5525
5527
5528
5529
5530
5530
5531
5534
5535
5538
5540
5542
5545
5547
5547
5547
5548
5551
5551
5551
5552
5552
5554
5555
5555
5557
5558
5558
5559
5562
5562
5563
5564
5568
5568
5570
5570
5571
5571
5571
5573
5575
5575
5575
5577
5577
5578
5578
5580
5581
5583
5584
5585
5586
5587
5587
5589
5590
5590
5592
5593
5599
5600
5601
5601
5602
5602
5604
5604
5605
5609
5609
5610
5613
5615
5616
5618
5619
5621
5621
5622
5622
5624
5625
5625
5625
5627
5627
5627
5627
5628
5629
5630
5631
5635
5636
5636
5637
5638
5640
5640
5641
5642
5643
5644
5644
5645
5645
5646
5647
5647
5648
5648
5649
5649
5650
5650
5652
5652
5652
5654
5654
5655
5655
5656
5656
5657
5658
5659
5659
5660
5660
5661
5663
5664
5665
5665
5668
5668
5672
5673
5676
5676
5676
5676
5677
5677
5678
5679
5679
5680
5683
5683
5684
5684
5685
5686
5687
5689
5690
5692
5692
5694
5695
5695
5696
5696
5697
5700
5701
5701
5702
5703
5703
5705
5706
5706
5707
5707
5708
5708
5709
5710
5711
5716
5719
5719
5719
5720
5720
5721
5723
5724
5726
5726
5727
5729
5730
5731
5732
5733
5735
5735
5735
5737
5739
5739
5739
5742
5743
5744
5744
5745
5745
5746
5746
5746
5747
5747
5748
5748
5748
5750
5750
5751
5751
5751
5752
5754
5754
5755
5756
5757
5758
5758
5759
5759
5760
5761
5761
5764
5766
5767
5767
5769
5770
5770
5774
5776
5777
5778
5778
5778
5780
5781
5781
5781
5782
5782
5784
5784
5784
5785
5785
5785
5785
5791
5792
5794
5797
5800
5800
5801
5801
5802
5803
5804
5806
5807
5809
5809
5810
5811
5812
5815
5815
5816
5817
5817
5818
5818
5819
5820
5821
5821
5822
5824
5824
5824
5826
5827
5828
5828
5828
5830
5830
5830
5833
5833
5834
5834
5834
5836
5838
5838
5838
5839
5841
5841
5844
5846
5847
5847
5849
5849
5855
5856
5858
5858
5859
5859
5859
5859
5859
5861
5862
5863
5865
5865
5866
5867
5871
5872
5873
5873
5873
5875
5876
5879
5880
5882
5883
5884
5885
5885
5885
5886
5886
5886
5887
5888
5888
5888
5889
5890
5891
5892
5893
5894
5896
5898
5899
5899
5901
5901
5902
5902
5902
5906
5907
5908
5911
5911
5914
5914
5919
5920
5922
5923
5923
5924
5925
5925
5926
5930
5932
5933
5933
5935
5936
5936
5937
5937
5937
5938
5938
5938
5939
5940
5941
5941
5942
5943
5947
5949
5949
5950
5952
5955
5955
5956
5957
5958
5959
5960
5962
5962
5963
5964
5965
5965
5965
5966
5966
5967
5967
5968
5968
5968
5968
5970
5971
5972
5972
5972
5973
5973
5974
5974
5978
5978
5978
5979
5980
5981
5982
5985
5985
5986
5986
5990
5991
5991
5991
5993
5994
5997
5997
5998
5999
5999
6000
6000
6000
6000
6001
6001
6001
6001
6002
6003
6004
6005
6006
6006
6008
6008
6009
6010
6011
6015
6015
6016
6020
6021
6022
6022
6023
6023
6023
6023
6025
6028
6028
6028
6029
6029
6030
6031
6034
6034
6035
6035
6037
6038
6039
6041
6042
6044
6044
6044
6044
6045
6047
6049
6051
6052
6053
6054
6055
6055
6056
6056
6057
6058
6058
6064
6065
6065
6065
6066
6066
6067
6070
6072
6073
6073
6073
6074
6074
6075
6075
6075
6075
6075
6077
6081
6082
6083
6085
6087
6089
6089
6090
6090
6093
6093
6093
6094
6094
6094
6095
6095
6096
6097
6097
6098
6099
6100
6100
6101
6103
6103
6103
6104
6106
6106
6108
6109
6109
6109
6110
6110
6111
6112
6112
6113
6117
6117
6117
6117
6119
6122
6122
6123
6123
6123
6125
6126
6128
6130
6132
6134
6134
6135
6136
6138
6138
6138
6138
6140
6143
6144
6144
6145
6146
6148
6148
6149
6153
6154
6154
6157
6157
6158
6161
6166
6167
6169
6169
6171
6171
6171
6171
6172
6172
6173
6173
6176
6176
6176
6178
6178
6179
6179
6179
6180
6183
6183
6184
6186
6186
6186
6187
6187
6188
6189
6189
6190
6190
6192
6193
6193
6193
6194
6195
6196
6198
6200
6202
6203
6203
6204
6205
6206
6208
6209
6210
6212
6213
6214
6216
6217
6218
6218
6219
6223
6223
6224
6225
6225
6227
6229
6230
6231
6231
6232
6236
6239
6239
6241
6242
6245
6245
6245
6246
6246
6247
6249
6253
6254
6254
6254
6255
6257
6258
6259
6259
6260
6261
6262
6262
6263
6263
6263
6264
6265
6265
6267
6267
6269
6270
6272
6272
6277
6277
6278
6278
6279
6280
6280
6282
6282
6284
6285
6286
6286
6289
6290
6292
6293
6295
6297
6299
6300
6300
6301
6301
6303
6303
6303
6305
6306
6306
6306
6308
6309
6310
6313
6318
6320
6321
6325
6326
6326
6326
6327
6328
6328
6331
6332
6333
6334
6334
6336
6336
6337
6340
6342
6344
6344
6345
6345
6346
6347
6347
6348
6348
6349
6349
6350
6350
6351
6351
6352
6353
6353
6355
6359
6360
6360
6362
6364
6366
6367
6367
6369
6371
6372
6372
6374
6375
6376
6376
6377
6378
6378
6378
6380
6380
6380
6381
6381
6381
6382
6383
6386
6386
6387
6387
6388
6388
6389
6391
6393
6394
6395
6395
6395
6396
6398
6399
6399
6400
6401
6401
6403
6404
6404
6405
6406
6407
6407
6408
6409
6409
6410
6410
6410
6411
6411
6412
6413
6413
6416
6418
6419
6419
6420
6420
6421
6422
6423
6423
6423
6423
6425
6425
6426
6426
6426
6428
6429
6429
6431
6432
6434
6434
6436
6437
6440
6440
6440
6442
6442
6442
6442
6444
6446
6446
6447
6449
6451
6451
6451
6451
6454
6454
6455
6456
6456
6456
6457
6457
6457
6457
6458
6460
6460
6465
6466
6468
6470
6470
6472
6472
6473
6473
6474
6478
6479
6479
6479
6480
6480
6481
6485
6485
6485
6486
6487
6488
6490
6490
6492
6493
6495
6497
6497
6497
6498
6500
6500
6500
6501
6501
6501
6502
6503
6505
6505
6507
6507
6508
6508
6508
6510
6511
6513
6513
6514
6514
6516
6516
6516
6517
6518
6518
6518
6519
6519
6522
6522
6523
6524
6527
6527
6527
6527
6529
6531
6532
6532
6533
6533
6533
6533
6534
6535
6536
6538
6538
6539
6539
6539
6541
6543
6546
6547
6548
6549
6549
6549
6552
6554
6555
6555
6556
6556
6557
6559
6560
6563
6564
6565
6567
6567
6570
6570
6572
6572
6573
6575
6575
6576
6577
6578
6580
6581
6583
6584
6586
6588
6588
6590
6590
6590
6591
6595
6596
6597
6598
6600
6601
6602
6603
6605
6606
6607
6607
6608
6608
6609
6610
6610
6611
6611
6611
6613
6613
6613
6613
6615
6616
6617
6618
6620
6620
6620
6621
6622
6624
6625
6627
6629
6629
6630
6631
6631
6631
6632
6632
6632
6633
6633
6634
6636
6638
6638
6639
6640
6641
6643
6643
6644
6646
6647
6647
6647
6649
6651
6651
6652
6653
6653
6654
6656
6660
6661
6662
6664
6665
6665
6665
6668
6669
6669
6670
6670
6672
6673
6674
6674
6676
6676
6680
6680
6681
6681
6682
6683
6684
6684
6684
6685
6686
6686
6686
6686
6686
6689
6689
6689
6690
6691
6693
6693
6693
6694
6695
6698
6698
6700
6702
6702
6703
6705
6705
6705
6706
6706
6707
6708
6709
6709
6711
6713
6716
6718
6718
6718
6721
6723
6723
6724
6725
6729
6730
6731
6733
6734
6735
6737
6737
6738
6738
6738
6742
6742
6743
6744
6748
6748
6749
6750
6752
6755
6755
6755
6755
6757
6758
6758
6759
6760
6762
6762
6763
6766
6767
6768
6768
6769
6769
6770
6770
6771
6771
6772
6775
6777
6778
6779
6780
6780
6780
6781
6783
6783
6784
6786
6788
6790
6791
6791
6791
6794
6794
6795
6795
6795
6796
6798
6798
6801
6801
6801
6802
6802
6803
6803
6804
6805
6805
6805
6805
6806
6807
6808
6813
6814
6814
6815
6817
6817
6823
6823
6824
6824
6825
6825
6827
6828
6829
6830
6830
6830
6832
6832
6832
6836
6839
6839
6839
6842
6843
6843
6847
6848
6848
6852
6852
6853
6854
6854
6856
6857
6858
6858
6858
6860
6861
6861
6861
6861
6863
6864
6864
6864
6864
6865
6866
6867
6867
6867
6868
6868
6868
6869
6870
6871
6873
6874
6874
6876
6876
6877
6878
6879
6880
6880
6881
6882
6882
6883
6885
6885
6886
6890
6890
6891
6894
6895
6897
6898
6899
6899
6900
6900
6901
6901
6901
6902
6905
6905
6908
6910
6910
6910
6911
6911
6911
6912
6913
6915
6915
6915
6916
6916
6917
6920
6921
6922
6922
6924
6924
6924
6926
6927
6930
6931
6933
6933
6936
6937
6939
6940
6940
6941
6942
6943
6943
6943
6943
6944
6946
6948
6949
6949
6952
6953
6954
6955
6955
6955
6956
6957
6958
6961
6964
6964
6965
6966
6967
6968
6969
6971
6971
6971
6972
6972
6977
6978
6978
6978
6980
6980
6981
6983
6984
6985
6985
6986
6986
6986
6986
6987
6987
6987
6988
6988
6989
6989
6992
6995
6995
6995
6995
6996
6996
6997
6999
6999
6999
6999
6999
6999
7002
7002
7004
7004
7004
7008
7009
7009
7009
7009
7010
7012
7014
7017
7018
7019
7019
7020
7020
7022
7022
7022
7025
7025
7025
7031
7032
7033
7033
7036
7037
7042
7042
7044
7045
7045
7045
7048
7049
7049
7049
7053
7053
7056
7059
7060
7063
7064
7066
7069
7070
7072
7072
7072
7073
7076
7077
7078
7080
7081
7081
7083
7083
7084
7084
7084
7086
7087
7087
7087
7088
7090
7091
7091
7092
7092
7094
7095
7095
7096
7096
7097
7100
7100
7101
7101
7103
7104
7106
7107
7108
7109
7111
7112
7112
7112
7113
7114
7115
7115
7115
7116
7118
7119
7119
7120
7120
7122
7126
7127
7127
7127
7127
7129
7131
7131
7131
7134
7134
7139
7141
7141
7141
7141
7142
7142
7143
7143
7144
7144
7145
7147
7148
7148
7148
7148
7149
7150
7150
7152
7153
7153
7154
7156
7157
7160
7160
7161
7163
7163
7165
7167
7169
7169
7170
7171
7171
7172
7172
7173
7175
7176
7176
7176
7177
7178
7178
7178
7179
7180
7181
7184
7185
7185
7187
7188
7188
7188
7190
7191
7191
7191
7194
7195
7196
7198
7198
7201
7202
7203
7204
7204
7207
7208
7208
7208
7211
7212
7214
7214
7217
7219
7220
7221
7221
7222
7222
7223
7225
7225
7226
7226
7227
7227
7228
7228
7232
7232
7232
7233
7236
7237
7237
7237
7239
7241
7244
7244
7244
7244
7245
7250
7250
7251
7252
7252
7253
7255
7256
7257
7258
7259
7261
7264
7264
7265
7266
7267
7268
7271
7273
7274
7274
7276
7277
7277
7278
7278
7280
7280
7281
7281
7282
7283
7285
7288
7288
7288
7289
7290
7290
7291
7291
7291
7291
7293
7294
7294
7294
7295
7296
7297
7298
7298
7299
7300
7301
7304
7304
7305
7306
7306
7307
7307
7307
7307
7307
7308
7310
7311
7312
7314
7314
7315
7319
7320
7320
7320
7323
7324
7325
7326
7327
7328
7328
7330
7330
7332
7337
7337
7338
7339
7339
7342
7342
7344
7344
7345
7346
7346
7346
7347
7348
7349
7350
7352
7353
7354
7354
7355
7355
7356
7356
7356
7357
7359
7360
7360
7361
7362
7363
7365
7367
7370
7374
7374
7375
7375
7377
7378
7379
7379
7380
7381
7383
7384
7386
7386
7387
7387
7393
7396
7396
7397
7398
7400
7400
7400
7400
7402
7402
7403
7403
7403
7403
7404
7405
7408
7410
7411
7412
7412
7412
7413
7413
7415
7415
7416
7416
7417
7418
7419
7419
7419
7419
7422
7424
7424
7425
7425
7425
7426
7428
7429
7431
7435
7438
7439
7439
7441
7441
7442
7442
7442
7444
7444
7445
7447
7447
7447
7447
7448
7449
7449
7449
7450
7452
7452
7452
7452
7453
7455
7456
7456
7457
7458
7459
7459
7460
7461
7463
7464
7464
7465
7465
7467
7467
7469
7472
7473
7474
7475
7475
7476
7478
7478
7479
7479
7480
7483
7485
7486
7486
7487
7487
7489
7489
7490
7491
7493
7493
7494
7494
7494
7495
7495
7499
7499
7500
7500
7501
7502
7502
7502
7508
7508
7509
7510
7517
7517
7518
7521
7522
7523
7523
7523
7524
7526
7527
7529
7529
7529
7530
7535
7537
7538
7541
7541
7541
7544
7545
7549
7550
7553
7553
7553
7554
7557
7558
7560
7560
7560
7561
7561
7562
7565
7567
7567
7569
7571
7571
7572
7572
7572
7573
7576
7577
7578
7578
7579
7580
7581
7582
7583
7584
7584
7585
7585
7586
7586
7589
7592
7593
7595
7596
7598
7599
7599
7599
7600
7605
7607
7607
7608
7608
7608
7609
7610
7612
7612
7613
7615
7615
7617
7618
7618
7619
7621
7623
7625
7626
7627
7628
7628
7629
7629
7630
7630
7631
7632
7633
7634
7634
7635
7635
7635
7636
7637
7639
7639
7642
7642
7642
7643
7643
7645
7645
7645
7646
7647
7648
7649
7650
7651
7652
7652
7653
7654
7655
7657
7657
7658
7658
7660
7661
7664
7665
7665
7665
7666
7667
7668
7669
7669
7670
7670
7671
7672
7673
7674
7674
7675
7675
7675
7677
7678
7678
7680
7681
7682
7682
7682
7682
7683
7684
7685
7686
7688
7689
7693
7693
7693
7694
7695
7696
7698
7701
7701
7701
7702
7703
7703
7705
7705
7705
7705
7709
7711
7712
7714
7715
7715
7716
7716
7718
7718
7718
7719
7719
7719
7720
7722
7722
7723
7724
7725
7727
7727
7728
7729
7730
7733
7735
7735
7735
7737
7737
7737
7738
7739
7739
7740
7742
7743
7743
7745
7745
7747
7748
7748
7749
7750
7750
7751
7751
7751
7753
7753
7756
7756
7757
7758
7758
7758
7758
7759
7760
7760
7760
7761
7762
7762
7763
7764
7766
7767
7772
7773
7773
7774
7775
7776
7777
7778
7778
7779
7779
7780
7780
7782
7784
7784
7785
7786
7787
7789
7789
7790
7791
7793
7794
7795
7797
7797
7797
7797
7797
7799
7800
7800
7800
7801
7803
7804
7806
7807
7810
7810
7811
7811
7814
7814
7815
7816
7817
7817
7819
7819
7819
7820
7821
7822
7823
7824
7832
7834
7834
7834
7836
7837
7837
7838
7839
7840
7841
7842
7843
7844
7845
7845
7846
7847
7847
7848
7848
7849
7850
7850
7851
7851
7852
7853
7853
7855
7856
7857
7858
7858
7858
7858
7860
7861
7861
7865
7866
7868
7868
7869
7869
7871
7874
7874
7874
7875
7875
7878
7880
7880
7881
7882
7882
7886
7888
7890
7890
7890
7892
7893
7894
7895
7897
7897
7898
7898
7900
7901
7902
7902
7902
7904
7908
7908
7910
7912
7912
7917
7917
7922
7922
7922
7923
7927
7927
7928
7929
7929
7930
7930
7931
7933
7934
7935
7935
7936
7936
7937
7938
7939
7940
7940
7940
7940
7943
7944
7944
7945
7948
7948
7949
7949
7949
7950
7951
7951
7952
7954
7954
7955
7956
7957
7958
7959
7961
7962
7962
7962
7962
7963
7963
7964
7967
7968
7970
7970
7971
7971
7972
7973
7974
7974
7976
7976
7977
7979
7979
7979
7980
7986
7989
7989
7989
7989
7990
7990
7990
7990
7993
7994
7995
7999
8001
8003
8003
8003
8005
8005
8005
8006
8009
8009
8010
8014
8014
8015
8015
8015
8016
8021
8022
8022
8023
8023
8025
8025
8025
8026
8027
8028
8029
8030
8032
8033
8035
8036
8039
8039
8040
8041
8041
8041
8041
8042
8043
8043
8043
8043
8044
8046
8046
8046
8047
8047
8048
8048
8049
8049
8050
8051
8051
8051
8052
8053
8055
8058
8058
8060
8060
8061
8061
8061
8061
8062
8062
8063
8063
8064
8064
8066
8066
8066
8066
8067
8067
8068
8069
8069
8071
8071
8071
8073
8073
8073
8074
8075
8076
8076
8078
8078
8078
8081
8081
8082
8082
8084
8086
8086
8087
8087
8088
8091
8091
8092
8093
8093
8094
8096
8099
8099
8102
8102
8102
8103
8105
8106
8107
8109
8109
8111
8111
8111
8112
8114
8114
8115
8116
8119
8120
8120
8122
8122
8123
8125
8127
8129
8129
8130
8132
8136
8137
8137
8138
8138
8140
8142
8142
8143
8144
8144
8146
8147
8148
8150
8151
8151
8152
8152
8153
8153
8155
8156
8156
8157
8158
8158
8159
8161
8161
8162
8162
8162
8163
8165
8165
8165
8168
8168
8171
8171
8172
8173
8173
8174
8174
8178
8181
8183
8183
8186
8186
8189
8189
8189
8190
8191
8191
8194
8194
8195
8196
8199
8200
8200
8200
8200
8200
8201
8201
8203
8203
8205
8205
8205
8205
8205
8206
8206
8207
8209
8211
8212
8213
8215
8216
8216
8216
8217
8218
8218
8222
8226
8226
8226
8226
8227
8227
8227
8231
8232
8234
8235
8235
8241
8241
8243
8243
8244
8244
8244
8246
8248
8248
8249
8251
8253
8253
8253
8257
8257
8257
8258
8258
8258
8259
8260
8262
8263
8263
8264
8264
8266
8266
8267
8267
8269
8269
8269
8269
8271
8272
8274
8274
8275
8275
8275
8276
8277
8277
8278
8279
8279
8283
8287
8288
8289
8291
8291
8293
8294
8294
8294
8295
8295
8297
8297
8298
8299
8299
8300
8300
8301
8301
8305
8307
8308
8308
8309
8310
8314
8315
8315
8315
8318
8321
8322
8322
8323
8323
8325
8325
8325
8325
8326
8326
8326
8327
8327
8329
8331
8333
8333
8333
8334
8335
8335
8336
8337
8337
8341
8342
8343
8344
8344
8344
8344
8345
8345
8347
8347
8347
8348
8350
8350
8351
8352
8353
8353
8355
8355
8356
8358
8358
8358
8360
8362
8362
8365
8367
8367
8368
8368
8368
8371
8371
8374
8374
8374
8375
8376
8377
8379
8379
8380
8381
8381
8382
8382
8383
8383
8384
8384
8385
8385
8385
8387
8388
8389
8390
8390
8392
8393
8394
8395
8396
8397
8397
8397
8399
8399
8401
8402
8406
8408
8408
8410
8410
8412
8412
8412
8412
8412
8413
8414
8414
8415
8420
8420
8422
8422
8425
8425
8425
8427
8428
8430
8430
8431
8431
8431
8432
8432
8432
8434
8434
8434
8438
8440
8440
8441
8441
8442
8442
8444
8446
8448
8449
8452
8454
8456
8458
8459
8461
8463
8466
8468
8468
8469
8469
8470
8470
8471
8472
8473
8473
8473
8473
8474
8475
8475
8476
8476
8476
8476
8477
8478
8481
8483
8483
8485
8485
8486
8486
8487
8487
8488
8488
8489
8490
8493
8493
8496
8496
8497
8499
8499
8500
8500
8501
8501
8504
8504
8505
8509
8510
8511
8512
8512
8513
8514
8515
8515
8516
8519
8520
8522
8523
8524
8524
8525
8525
8525
8527
8528
8528
8529
8530
8532
8533
8534
8535
8536
8536
8539
8540
8540
8540
8540
8541
8542
8543
8545
8545
8546
8547
8547
8548
8549
8549
8550
8551
8552
8552
8553
8554
8556
8556
8557
8558
8561
8562
8563
8564
8564
8567
8568
8569
8569
8570
8570
8573
8573
8573
8577
8577
8578
8579
8582
8582
8583
8583
8583
8586
8589
8591
8592
8592
8593
8594
8595
8597
8597
8598
8598
8599
8599
8599
8600
8602
8604
8606
8606
8606
8606
8607
8608
8608
8609
8610
8611
8611
8614
8614
8615
8616
8617
8619
8619
8620
8626
8626
8629
8629
8631
8634
8634
8636
8636
8637
8637
8638
8639
8639
8639
8639
8640
8643
8643
8645
8647
8647
8648
8652
8652
8653
8653
8655
8655
8656
8657
8659
8660
8663
8664
8664
8665
8665
8666
8666
8670
8671
8671
8673
8674
8675
8676
8677
8677
8679
8679
8680
8681
8682
8684
8684
8686
8688
8688
8689
8691
8691
8694
8695
8701
8702
8704
8705
8706
8706
8708
8708
8710
8710
8710
8711
8713
8714
8715
8715
8716
8716
8717
8719
8720
8720
8721
8724
8724
8725
8727
8727
8729
8731
8731
8731
8732
8735
8735
8735
8736
8737
8737
8738
8741
8742
8743
8744
8746
8746
8747
8748
8749
8750
8750
8752
8752
8755
8756
8756
8757
8761
8761
8761
8762
8765
8767
8768
8770
8771
8771
8772
8772
8774
8775
8777
8778
8779
8779
8780
8782
8782
8784
8786
8786
8787
8787
8789
8790
8791
8792
8793
8794
8796
8800
8802
8802
8804
8807
8808
8809
8810
8811
8811
8812
8813
8813
8814
8814
8814
8814
8818
8818
8818
8819
8819
8820
8821
8821
8821
8822
8822
8822
8823
8824
8824
8825
8826
8827
8828
8829
8829
8829
8830
8831
8831
8832
8832
8832
8833
8836
8836
8836
8837
8839
8840
8840
8840
8841
8842
8844
8844
8844
8844
8846
8846
8850
8850
8851
8852
8853
8853
8855
8856
8856
8857
8858
8859
8859
8860
8861
8862
8863
8865
8865
8866
8866
8866
8866
8866
8867
8867
8867
8868
8868
8868
8870
8870
8872
8872
8873
8874
8874
8876
8877
8879
8880
8886
8888
8888
8889
8890
8892
8892
8892
8892
8893
8895
8895
8895
8897
8897
8897
8897
8898
8898
8899
8899
8900
8900
8902
8902
8902
8906
8906
8907
8910
8910
8910
8911
8912
8914
8914
8914
8916
8918
8918
8919
8920
8921
8921
8923
8924
8925
8927
8927
8928
8928
8928
8929
8929
8930
8932
8933
8934
8936
8936
8939
8943
8944
8945
8945
8947
8949
8949
8950
8951
8951
8952
8952
8954
8955
8957
8958
8958
8959
8959
8963
8964
8964
8964
8968
8969
8971
8971
8974
8974
8975
8975
8978
8980
8981
8981
8981
8981
8982
8982
8983
8986
8988
8990
8991
8991
8994
8994
8994
8995
8997
8998
8998
8999
8999
8999
9001
9004
9004
9004
9005
9005
9005
9006
9006
9009
9009
9012
9015
9017
9018
9019
9019
9020
9023
9023
9024
9027
9028
9029
9030
9031
9036
9038
9039
9040
9042
9042
9044
9044
9045
9045
9047
9048
9048
9049
9050
9061
9062
9063
9065
9066
9067
9072
9072
9073
9075
9075
9077
9078
9079
9080
9080
9080
9082
9086
9087
9087
9088
9088
9089
9089
9090
9090
9090
9091
9093
9093
9095
9095
9096
9096
9097
9099
9100
9100
9102
9103
9104
9107
9108
9110
9110
9110
9110
9112
9112
9113
9113
9114
9114
9115
9116
9116
9118
9119
9120
9121
9121
9123
9125
9126
9126
9127
9128
9128
9130
9130
9131
9132
9133
9135
9135
9137
9137
9138
9140
9140
9141
9143
9144
9145
9146
9148
9148
9149
9149
9150
9150
9151
9152
9152
9152
9153
9153
9153
9155
9156
9157
9159
9160
9160
9165
9165
9166
9167
9167
9168
9169
9170
9171
9173
9173
9175
9176
9177
9178
9178
9179
9181
9182
9183
9183
9183
9184
9184
9185
9185
9185
9186
9188
9188
9189
9189
9190
9190
9195
9196
9196
9196
9198
9199
9199
9200
9201
9201
9202
9202
9202
9203
9207
9209
9210
9212
9212
9214
9216
9217
9217
9217
9217
9218
9219
9220
9223
9224
9225
9226
9228
9231
9231
9234
9237
9238
9239
9240
9241
9242
9244
9244
9246
9246
9247
9247
9249
9251
9251
9251
9251
9253
9253
9253
9253
9254
9255
9256
9257
9259
9260
9260
9264
9266
9267
9269
9269
9270
9270
9270
9271
9273
9273
9274
9274
9276
9276
9278
9279
9279
9281
9281
9282
9282
9282
9283
9284
9284
9285
9288
9290
9292
9292
9293
9296
9297
9298
9299
9300
9301
9301
9302
9302
9302
9303
9304
9306
9306
9307
9308
9308
9309
9309
9310
9311
9311
9311
9313
9315
9316
9319
9319
9320
9321
9323
9324
9325
9326
9326
9328
9331
9331
9332
9336
9336
9336
9337
9338
9339
9339
9339
9340
9342
9343
9343
9344
9345
9345
9345
9347
9347
9348
9349
9350
9352
9354
9354
9355
9356
9356
9356
9356
9357
9358
9359
9360
9363
9364
9364
9365
9365
9366
9367
9368
9368
9369
9370
9370
9370
9372
9372
9375
9375
9377
9377
9379
9379
9380
9381
9382
9382
9388
9388
9388
9389
9392
9392
9394
9394
9395
9395
9400
9401
9403
9404
9405
9407
9408
9408
9409
9409
9411
9412
9412
9413
9414
9414
9416
9416
9416
9417
9420
9420
9421
9426
9429
9430
9431
9432
9433
9434
9434
9436
9436
9438
9439
9439
9441
9442
9443
9445
9448
9448
9448
9448
9450
9451
9451
9451
9453
9454
9454
9454
9455
9455
9457
9457
9458
9459
9459
9460
9463
9463
9463
9466
9466
9468
9468
9468
9469
9471
9472
9473
9474
9475
9477
9477
9478
9479
9481
9483
9484
9484
9485
9485
9487
9489
9490
9490
9490
9492
9493
9494
9494
9495
9496
9496
9496
9497
9498
9498
9499
9499
9500
9502
9502
9503
9504
9505
9506
9510
9511
9511
9511
9512
9513
9514
9517
9518
9518
9521
9522
9522
9522
9522
9525
9525
9526
9526
9527
9527
9527
9528
9528
9528
9528
9530
9530
9532
9534
9535
9535
9535
9537
9538
9540
9540
9541
9542
9542
9542
9544
9544
9546
9549
9552
9552
9556
9557
9558
9559
9559
9559
9559
9560
9561
9562
9562
9563
9563
9565
9565
9566
9567
9569
9569
9569
9570
9570
9571
9571
9572
9573
9574
9576
9576
9579
9579
9579
9584
9585
9588
9591
9592
9592
9592
9594
9595
9596
9596
9599
9600
9601
9601
9601
9602
9604
9604
9606
9609
9614
9615
9617
9617
9618
9618
9619
9619
9620
9620
9621
9623
9623
9625
9626
9627
9628
9630
9630
9632
9635
9636
9636
9636
9636
9637
9638
9638
9640
9640
9641
9641
9641
9644
9644
9645
9645
9648
9648
9650
9650
9650
9650
9651
9652
9652
9653
9653
9654
9654
9654
9655
9656
9658
9660
9663
9663
9664
9665
9665
9665
9666
9667
9668
9669
9669
9672
9673
9673
9673
9673
9673
9675
9677
9680
9680
9681
9681
9681
9682
9682
9685
9686
9686
9687
9689
9690
9690
9692
9693
9693
9694
9694
9695
9695
9699
9699
9701
9701
9701
9703
9703
9704
9705
9706
9709
9709
9716
9716
9718
9718
9718
9718
9719
9719
9719
9720
9723
9724
9724
9725
9725
9725
9726
9727
9727
9728
9728
9731
9731
9733
9735
9736
9737
9737
9739
9742
9745
9747
9748
9748
9749
9750
9751
9753
9753
9754
9757
9759
9761
9764
9765
9766
9766
9767
9769
9769
9769
9770
9770
9770
9771
9772
9774
9774
9775
9776
9777
9777
9778
9779
9783
9783
9784
9784
9785
9786
9788
9788
9789
9789
9789
9791
9791
9792
9792
9792
9793
9795
9798
9798
9803
9806
9806
9807
9808
9810
9811
9812
9812
9814
9815
9816
9816
9819
9819
9821
9823
9823
9824
9826
9827
9828
9829
9830
9831
9832
9832
9833
9833
9837
9837
9838
9838
9839
9841
9841
9841
9841
9843
9844
9844
9844
9845
9847
9852
9854
9854
9855
9855
9857
9858
9858
9859
9861
9862
9862
9863
9863
9864
9865
9866
9867
9867
9867
9868
9868
9868
9869
9870
9872
9873
9875
9875
9876
9877
9877
9877
9879
9880
9881
9881
9881
9883
9884
9885
9885
9886
9886
9886
9888
9888
9889
9890
9892
9894
9896
9896
9897
9900
9901
9903
9903
9903
9904
9905
9906
9908
9908
9909
9909
9911
9912
9912
9913
9913
9913
9914
9914
9915
9915
9915
9915
9916
9922
9923
9923
9924
9924
9926
9928
9930
9931
9932
9933
9934
9934
9934
9934
9934
9937
9938
9939
9940
9941
9942
9942
9944
9944
9946
9951
9951
9951
9952
9952
9952
9956
9958
9958
9960
9961
9963
9963
9963
9963
9964
9965
9965
9965
9966
9967
9969
9969
9970
9972
9973
9973
9977
9978
9978
9979
9979
9979
9980
9980
9980
9982
9983
9984
9985
9987
9987
9988
9988
9992
9993
9993
9993
9993
9994
9994
9995
9996
10000
